   10.000000000000000        1.6850125060551868     
   9.8989898989898997        1.6850120426827657     
   9.7979797979797976        1.6850115601671694     
   9.6969696969696972        1.6850110575911443     
   9.5959595959595951        1.6850105339908417     
   9.4949494949494948        1.6850099883531495     
   9.3939393939393945        1.6850094202367683     
   9.2929292929292924        1.6850088359293351     
   9.1919191919191920        1.6850082260170001     
   9.0909090909090899        1.6850075890548848     
   8.9898989898989896        1.6850069235162817     
   8.8888888888888893        1.6850062277874833     
   8.7878787878787872        1.6850055001622484     
   8.6868686868686869        1.6850047388358675     
   8.5858585858585865        1.6850039418987979     
   8.4848484848484844        1.6850031073298390     
   8.3838383838383841        1.6850022329887948     
   8.2828282828282820        1.6850013166086000     
   8.1818181818181817        1.6850003557868531     
   8.0808080808080813        1.6849993479767065     
   7.9797979797979792        1.6849982904770642     
   7.8787878787878789        1.6849971847400449     
   7.7777777777777777        1.6849960276765903     
   7.6767676767676765        1.6849948112452557     
   7.5757575757575752        1.6849935316111617     
   7.4747474747474749        1.6849921846857088     
   7.3737373737373737        1.6849907661077235     
   7.2727272727272725        1.6849892712230043     
   7.1717171717171713        1.6849876950621294     
   7.0707070707070709        1.6849860323163521     
   6.9696969696969697        1.6849842773113997     
   6.8686868686868685        1.6849824239789664     
   6.7676767676767673        1.6849804714040668     
   6.6666666666666670        1.6849784116231350     
   6.5656565656565657        1.6849762314765222     
   6.4646464646464645        1.6849739221329458     
   6.3636363636363633        1.6849714740898907     
   6.2626262626262621        1.6849688771159488     
   6.1616161616161618        1.6849661201874937     
   6.0606060606060606        1.6849631914190792     
   5.9595959595959593        1.6849600779868312     
   5.8585858585858581        1.6849567777625416     
   5.7575757575757578        1.6849532629013206     
   5.6565656565656566        1.6849495155676637     
   5.5555555555555554        1.6849455165725791     
   5.4545454545454541        1.6849412450652330     
   5.3535353535353538        1.6849366783691140     
   5.2525252525252526        1.6849317931765588     
   5.1515151515151514        1.6849265692012587     
   5.0505050505050502        1.6849209672107828     
   4.9494949494949498        1.6849149532722278     
   4.8484848484848486        1.6849084902158551     
   4.7474747474747474        1.6849015372811471     
   4.6464646464646462        1.6848940571006108     
   4.5454545454545450        1.6848859977562418     
   4.4444444444444446        1.6848772948836779     
   4.3434343434343434        1.6848678845083431     
   4.2424242424242422        1.6848576958264394     
   4.1414141414141410        1.6848466579332808     
   4.0404040404040407        1.6848346746934613     
   3.9393939393939394        1.6848216442012476     
   3.8383838383838382        1.6848074542607376     
   3.7373737373737375        1.6847919899258610     
   3.6363636363636362        1.6847750962250363     
   3.5353535353535355        1.6847566072480289     
   3.4343434343434343        1.6847363407064724     
   3.3333333333333335        1.6847140852049454     
   3.2323232323232323        1.6846895958538870     
   3.1313131313131310        1.6846626034589780     
   3.0303030303030303        1.6846327897141911     
   2.9292929292929291        1.6845997831293191     
   2.8282828282828283        1.6845631627658069     
   2.7272727272727271        1.6845224432419408     
   2.6262626262626263        1.6844770658274211     
   2.5252525252525251        1.6844263761995626     
   2.4242424242424243        1.6843696108001855     
   2.3232323232323231        1.6843058764333032     
   2.2222222222222223        1.6842341144340023     
   2.1212121212121211        1.6841531097466005     
   2.0202020202020203        1.6840614203254207     
   1.9191919191919191        1.6839573328559652     
   1.8181818181818181        1.6838388242020648     
   1.7171717171717171        1.6837034938817348     
   1.6161616161616161        1.6835484936590277     
   1.5151515151515151        1.6833704218838914     
   1.4141414141414141        1.6831652254444740     
   1.3131313131313131        1.6829280527799271     
   1.2121212121212122        1.6826531041767367     
   1.1111111111111112        1.6823334309199172     
   1.0101010101010102        1.6819606942367298     
  0.90909090909090906        1.6815248727996686     
  0.80808080808080807        1.6810138936744856     
  0.70707070707070707        1.6804132265980820     
  0.60606060606060608        1.6797051974033319     
  0.50505050505050508        1.6788681966976280     
  0.40404040404040403        1.6778754072917552     
  0.30303030303030304        1.6766930583070241     
  0.20202020202020202        1.6752776124619708     
  0.10101010101010101        1.6735717416455129     
   0.0000000000000000        1.6714982487265102     
   10.000000000000000        1.6858522294939409     
   9.8989898989898997        1.6858491278236765     
   9.7979797979797976        1.6858459333689795     
   9.6969696969696972        1.6858426424710109     
   9.5959595959595951        1.6858392512923703     
   9.4949494949494948        1.6858357558066248     
   9.3939393939393945        1.6858321519424615     
   9.2929292929292924        1.6858284371056569     
   9.1919191919191920        1.6858246045820826     
   9.0909090909090899        1.6858206494182530     
   8.9898989898989896        1.6858165664031595     
   8.8888888888888893        1.6858123500521889     
   8.7878787878787872        1.6858079945898625     
   8.6868686868686869        1.6858034939312969     
   8.5858585858585865        1.6857988416622758     
   8.4848484848484844        1.6857940310178152     
   8.3838383838383841        1.6857890548590904     
   8.2828282828282820        1.6857839056485753     
   8.1818181818181817        1.6857785754232388     
   8.0808080808080813        1.6857730557656292     
   7.9797979797979792        1.6857673377726348     
   7.8787878787878789        1.6857614123455005     
   7.7777777777777777        1.6857552695024214     
   7.6767676767676765        1.6857488983087781     
   7.5757575757575752        1.6857422875220678     
   7.4747474747474749        1.6857354252121035     
   7.3737373737373737        1.6857282987102744     
   7.2727272727272725        1.6857208945543940     
   7.1717171717171713        1.6857131984286933     
   7.0707070707070709        1.6857051950984629     
   6.9696969696969697        1.6856968683387956     
   6.8686868686868685        1.6856882008568059     
   6.7676767676767673        1.6856791745175748     
   6.6666666666666670        1.6856697695732523     
   6.5656565656565657        1.6856599646659747     
   6.4646464646464645        1.6856497372494077     
   6.3636363636363633        1.6856390631900051     
   6.2626262626262621        1.6856279166316779     
   6.1616161616161618        1.6856162698468118     
   6.0606060606060606        1.6856040930720417     
   5.9595959595959593        1.6855913543269645     
   5.8585858585858581        1.6855780189973408     
   5.7575757575757578        1.6855640502838527     
   5.6565656565656566        1.6855494082945262     
   5.5555555555555554        1.6855340499792140     
   5.4545454545454541        1.6855179288290421     
   5.3535353535353538        1.6855009945382040     
   5.2525252525252526        1.6854831921217583     
   5.1515151515151514        1.6854644600797797     
   5.0505050505050502        1.6854447378937953     
   4.9494949494949498        1.6854239565161384     
   4.8484848484848486        1.6854020407972892     
   4.7474747474747474        1.6853789088256623     
   4.6464646464646462        1.6853544699988949     
   4.5454545454545450        1.6853286269826921     
   4.4444444444444446        1.6853012743370670     
   4.3434343434343434        1.6852722952781325     
   4.2424242424242422        1.6852415614889282     
   4.1414141414141410        1.6852089281121652     
   4.0404040404040407        1.6851742436452617     
   3.9393939393939394        1.6851373383083086     
   3.8383838383838382        1.6850980234586781     
   3.7373737373737375        1.6850560830686090     
   3.6363636363636362        1.6850112938146702     
   3.5353535353535355        1.6849634016900354     
   3.4343434343434343        1.6849121177359885     
   3.3333333333333335        1.6848571262170400     
   3.2323232323232323        1.6847980805803087     
   3.1313131313131310        1.6847345815326449     
   3.0303030303030303        1.6846661882123357     
   2.9292929292929291        1.6845924081359325     
   2.8282828282828283        1.6845126670749198     
   2.7272727272727271        1.6844263492490386     
   2.6262626262626263        1.6843327315276873     
   2.5252525252525251        1.6842310123314859     
   2.4242424242424243        1.6841202648335312     
   2.3232323232323231        1.6839994508954779     
   2.2222222222222223        1.6838673679917431     
   2.1212121212121211        1.6837226547030772     
   2.0202020202020203        1.6835637260026537     
   1.9191919191919191        1.6833887678994748     
   1.8181818181818181        1.6831956937850492     
   1.7171717171717171        1.6829820704142300     
   1.6161616161616161        1.6827450581196086     
   1.5151515151515151        1.6824813818484918     
   1.4141414141414141        1.6821871679571474     
   1.3131313131313131        1.6818578759713845     
   1.2121212121212122        1.6814881660583190     
   1.1111111111111112        1.6810717237518731     
   1.0101010101010102        1.6806010101768529     
  0.90909090909090906        1.6800670293400253     
  0.80808080808080807        1.6794590011194230     
  0.70707070707070707        1.6787638577641650     
  0.60606060606060608        1.6779657187221435     
  0.50505050505050508        1.6770450603343199     
  0.40404040404040403        1.6759776274115363     
  0.30303030303030304        1.6747329545852456     
  0.20202020202020202        1.6732721152467038     
  0.10101010101010101        1.6715446888692922     
   0.0000000000000000        1.6694842206478555     
   10.000000000000000        1.6865129171268523     
   9.8989898989898997        1.6865127168961935     
   9.7979797979797976        1.6865125079414212     
   9.6969696969696972        1.6865122898307812     
   9.5959595959595951        1.6865120621108169     
   9.4949494949494948        1.6865118243051676     
   9.3939393939393945        1.6865115762598544     
   9.2929292929292924        1.6865113215636345     
   9.1919191919191920        1.6865110550891653     
   9.0909090909090899        1.6865107761414115     
   8.9898989898989896        1.6865104839861516     
   8.8888888888888893        1.6865101778475624     
   8.7878787878787872        1.6865098569056478     
   8.6868686868686869        1.6865095202934823     
   8.5858585858585865        1.6865091670942727     
   8.4848484848484844        1.6865087963382108     
   8.3838383838383841        1.6865084069991094     
   8.2828282828282820        1.6865079979908022     
   8.1818181818181817        1.6865075681632873     
   8.0808080808080813        1.6865071162986007     
   7.9797979797979792        1.6865066411063934     
   7.8787878787878789        1.6865061445975265     
   7.7777777777777777        1.6865056252854733     
   7.6767676767676765        1.6865050778689030     
   7.5757575757575752        1.6865045004019568     
   7.4747474747474749        1.6865038908094960     
   7.3737373737373737        1.6865032468776973     
   7.2727272727272725        1.6865025662438955     
   7.1717171717171713        1.6865018463855981     
   7.0707070707070709        1.6865010846086002     
   6.9696969696969697        1.6865002780341167     
   6.8686868686868685        1.6864994235848547     
   6.7676767676767673        1.6864985212615606     
   6.6666666666666670        1.6864975669464857     
   6.5656565656565657        1.6864965535007130     
   6.4646464646464645        1.6864954763887434     
   6.3636363636363633        1.6864943307333791     
   6.2626262626262621        1.6864931112873733     
   6.1616161616161618        1.6864918124024684     
   6.0606060606060606        1.6864904279955433     
   5.9595959595959593        1.6864889515115868     
   5.8585858585858581        1.6864873860296299     
   5.7575757575757578        1.6864857127708268     
   5.6565656565656566        1.6864839220733079     
   5.5555555555555554        1.6864820035982810     
   5.4545454545454541        1.6864799461135009     
   5.3535353535353538        1.6864777374079722     
   5.2525252525252526        1.6864753652612650     
   5.1515151515151514        1.6864728203173183     
   5.0505050505050502        1.6864700791740441     
   4.9494949494949498        1.6864671231815631     
   4.8484848484848486        1.6864639319242749     
   4.7474747474747474        1.6864604830351737     
   4.6464646464646462        1.6864567585220569     
   4.5454545454545450        1.6864527290517894     
   4.4444444444444446        1.6864483560043104     
   4.3434343434343434        1.6864436030512835     
   4.2424242424242422        1.6864384300182074     
   4.1414141414141410        1.6864328010505767     
   4.0404040404040407        1.6864266565768831     
   3.9393939393939394        1.6864199361473737     
   3.8383838383838382        1.6864125740668821     
   3.7373737373737375        1.6864045085057471     
   3.6363636363636362        1.6863956414233248     
   3.5353535353535355        1.6863858717965730     
   3.4343434343434343        1.6863750924806402     
   3.3333333333333335        1.6863631739283389     
   3.2323232323232323        1.6863499609759944     
   3.1313131313131310        1.6863352899659025     
   3.0303030303030303        1.6863189601286790     
   2.9292929292929291        1.6863007327638002     
   2.8282828282828283        1.6862803532669171     
   2.7272727272727271        1.6862574859031836     
   2.6262626262626263        1.6862317599326120     
   2.5252525252525251        1.6862027325076552     
   2.4242424242424243        1.6861698945036940     
   2.3232323232323231        1.6861326209397622     
   2.2222222222222223        1.6860901678008309     
   2.1212121212121211        1.6860416648842795     
   2.0202020202020203        1.6859860716227517     
   1.9191919191919191        1.6859220869949731     
   1.8181818181818181        1.6858481775610417     
   1.7171717171717171        1.6857624852775439     
   1.6161616161616161        1.6856627357265448     
   1.5151515151515151        1.6855461545138577     
   1.4141414141414141        1.6854093388118299     
   1.3131313131313131        1.6852481156910859     
   1.2121212121212122        1.6850573440847105     
   1.1111111111111112        1.6848307223403245     
   1.0101010101010102        1.6845604571757780     
  0.90909090909090906        1.6842369489022477     
  0.80808080808080807        1.6838484459230671     
  0.70707070707070707        1.6833804824396741     
  0.60606060606060608        1.6828154137652029     
  0.50505050505050508        1.6821316250547360     
  0.40404040404040403        1.6813026585334756     
  0.30303030303030304        1.6802957489639843     
  0.20202020202020202        1.6790695173577315     
  0.10101010101010101        1.6775699809429121     
   0.0000000000000000        1.6757238338378639     
   10.000000000000000        1.6853651936616107     
   9.8989898989898997        1.6853650884745421     
   9.7979797979797976        1.6853649783797053     
   9.6969696969696972        1.6853648631283691     
   9.5959595959595951        1.6853647424596960     
   9.4949494949494948        1.6853646161001221     
   9.3939393939393945        1.6853644840616102     
   9.2929292929292924        1.6853643495921518     
   9.1919191919191920        1.6853642084306217     
   9.0909090909090899        1.6853640601477571     
   8.9898989898989896        1.6853639042901083     
   8.8888888888888893        1.6853637403785997     
   8.7878787878787872        1.6853635679070011     
   8.6868686868686869        1.6853633863402970     
   8.5858585858585865        1.6853631951129564     
   8.4848484848484844        1.6853629936270913     
   8.3838383838383841        1.6853627812504963     
   8.2828282828282820        1.6853625573145630     
   8.1818181818181817        1.6853623211120610     
   8.0808080808080813        1.6853620718947766     
   7.9797979797979792        1.6853618088710038     
   7.8787878787878789        1.6853615340277581     
   7.7777777777777777        1.6853612464473311     
   7.6767676767676765        1.6853609420434457     
   7.5757575757575752        1.6853606195585529     
   7.4747474747474749        1.6853602776517902     
   7.3737373737373737        1.6853599148931278     
   7.2727272727272725        1.6853595297570796     
   7.1717171717171713        1.6853591206159375     
   7.0707070707070709        1.6853586857324914     
   6.9696969696969697        1.6853582232522011     
   6.8686868686868685        1.6853577311947685     
   6.7676767676767673        1.6853572105228842     
   6.6666666666666670        1.6853566584187116     
   6.5656565656565657        1.6853560693161440     
   6.4646464646464645        1.6853554401667039     
   6.3636363636363633        1.6853547676931764     
   6.2626262626262621        1.6853540483713254     
   6.1616161616161618        1.6853532784100342     
   6.0606060606060606        1.6853524537297369     
   5.9595959595959593        1.6853515699389927     
   5.8585858585858581        1.6853506309916066     
   5.7575757575757578        1.6853496222484565     
   5.6565656565656566        1.6853485369952965     
   5.5555555555555554        1.6853473680748339     
   5.4545454545454541        1.6853461077161602     
   5.3535353535353538        1.6853447474783927     
   5.2525252525252526        1.6853432792850158     
   5.1515151515151514        1.6853416984252352     
   5.0505050505050502        1.6853399861703293     
   4.9494949494949498        1.6853381291980656     
   4.8484848484848486        1.6853361129317121     
   4.7474747474747474        1.6853339214127896     
   4.6464646464646462        1.6853315435364027     
   4.5454545454545450        1.6853289577831840     
   4.4444444444444446        1.6853261343044550     
   4.3434343434343434        1.6853230463136968     
   4.2424242424242422        1.6853196642013069     
   4.1414141414141410        1.6853159641469098     
   4.0404040404040407        1.6853118992309171     
   3.9393939393939394        1.6853074233045544     
   3.8383838383838382        1.6853024866918751     
   3.7373737373737375        1.6852970451432880     
   3.6363636363636362        1.6852910211724605     
   3.5353535353535355        1.6852843366043253     
   3.4343434343434343        1.6852769111629469     
   3.3333333333333335        1.6852686436369750     
   3.2323232323232323        1.6852594089404203     
   3.1313131313131310        1.6852490802338180     
   3.0303030303030303        1.6852374957013265     
   2.9292929292929291        1.6852244591593382     
   2.8282828282828283        1.6852097645765696     
   2.7272727272727271        1.6851931367369035     
   2.6262626262626263        1.6851742771792981     
   2.5252525252525251        1.6851528147457988     
   2.4242424242424243        1.6851283222381801     
   2.3232323232323231        1.6851002683356096     
   2.2222222222222223        1.6850680230129431     
   2.1212121212121211        1.6850308217005208     
   2.0202020202020203        1.6849877516526457     
   1.9191919191919191        1.6849376936793674     
   1.8181818181818181        1.6848792769858265     
   1.7171717171717171        1.6848108175527121     
   1.6161616161616161        1.6847302419515005     
   1.5151515151515151        1.6846350176941005     
   1.4141414141414141        1.6845219621199869     
   1.3131313131313131        1.6843871414958380     
   1.2121212121212122        1.6842256621567917     
   1.1111111111111112        1.6840314234289908     
   1.0101010101010102        1.6837968114421609     
  0.90909090909090906        1.6835123491624508     
  0.80808080808080807        1.6831662285511664     
  0.70707070707070707        1.6827438467095839     
  0.60606060606060608        1.6822272035191079     
  0.50505050505050508        1.6815940816420047     
  0.40404040404040403        1.6808171752752887     
  0.30303030303030304        1.6798626442442701     
  0.20202020202020202        1.6786877723895064     
  0.10101010101010101        1.6772368084774847     
   0.0000000000000000        1.6754339599170558     
   10.000000000000000        1.6847415143671303     
   9.8989898989898997        1.6847413585606810     
   9.7979797979797976        1.6847411959691927     
   9.6969696969696972        1.6847410262599283     
   9.5959595959595951        1.6847408490834690     
   9.4949494949494948        1.6847406640727860     
   9.3939393939393945        1.6847404711449088     
   9.2929292929292924        1.6847402734879675     
   9.1919191919191920        1.6847400666813455     
   9.0909090909090899        1.6847398501780237     
   8.9898989898989896        1.6847396233998975     
   8.8888888888888893        1.6847393857358410     
   8.7878787878787872        1.6847391365396440     
   8.6868686868686869        1.6847388751278038     
   8.5858585858585865        1.6847386007771612     
   8.4848484848484844        1.6847383127223718     
   8.3838383838383841        1.6847380101531988     
   8.2828282828282820        1.6847376922116091     
   8.1818181818181817        1.6847373579886635     
   8.0808080808080813        1.6847370065211809     
   7.9797979797979792        1.6847366367881613     
   7.8787878787878789        1.6847362497309415     
   7.7777777777777777        1.6847358441789972     
   7.6767676767676765        1.6847354166586155     
   7.5757575757575752        1.6847349656874271     
   7.4747474747474749        1.6847344896852878     
   7.3737373737373737        1.6847339869671760     
   7.2727272727272725        1.6847334557355123     
   7.1717171717171713        1.6847328940718491     
   7.0707070707070709        1.6847322999278811     
   6.9696969696969697        1.6847316711157017     
   6.8686868686868685        1.6847310052972517     
   6.7676767676767673        1.6847303035464853     
   6.6666666666666670        1.6847295625416807     
   6.5656565656565657        1.6847287757626555     
   6.4646464646464645        1.6847279396034160     
   6.3636363636363633        1.6847270501815572     
   6.2626262626262621        1.6847261033148555     
   6.1616161616161618        1.6847250944956502     
   6.0606060606060606        1.6847240188627526     
   5.9595959595959593        1.6847228711706475     
   5.8585858585858581        1.6847216508262144     
   5.7575757575757578        1.6847203461361482     
   5.6565656565656566        1.6847189497695878     
   5.5555555555555554        1.6847174538454510     
   5.4545454545454541        1.6847158498039165     
   5.3535353535353538        1.6847141283412554     
   5.2525252525252526        1.6847122804305990     
   5.1515151515151514        1.6847103003020674     
   5.0505050505050502        1.6847081680971550     
   4.9494949494949498        1.6847058692178194     
   4.8484848484848486        1.6847033876658208     
   4.7474747474747474        1.6847007058925443     
   4.6464646464646462        1.6846978084854527     
   4.5454545454545450        1.6846946728437706     
   4.4444444444444446        1.6846912703312233     
   4.3434343434343434        1.6846875730399218     
   4.2424242424242422        1.6846835500920656     
   4.1414141414141410        1.6846791746213821     
   4.0404040404040407        1.6846743999421503     
   3.9393939393939394        1.6846691790261503     
   3.8383838383838382        1.6846634608250746     
   3.7373737373737375        1.6846571944440998     
   3.6363636363636362        1.6846503073853769     
   3.5353535353535355        1.6846427230509184     
   3.4343434343434343        1.6846343602606635     
   3.3333333333333335        1.6846251199504694     
   3.2323232323232323        1.6846148825820000     
   3.1313131313131310        1.6846035230360867     
   3.0303030303030303        1.6845908860645520     
   2.9292929292929291        1.6845767858496909     
   2.8282828282828283        1.6845610181646475     
   2.7272727272727271        1.6845433356950013     
   2.6262626262626263        1.6845234625133250     
   2.5252525252525251        1.6845010583301718     
   2.4242424242424243        1.6844757276358366     
   2.3232323232323231        1.6844469918806326     
   2.2222222222222223        1.6844142814505816     
   2.1212121212121211        1.6843769310448531     
   2.0202020202020203        1.6843341443800040     
   1.9191919191919191        1.6842849306155592     
   1.8181818181818181        1.6842281083868058     
   1.7171717171717171        1.6841622423837315     
   1.6161616161616161        1.6840855745678438     
   1.5151515151515151        1.6839959520214673     
   1.4141414141414141        1.6838907390579998     
   1.3131313131313131        1.6837666353056238     
   1.2121212121212122        1.6836195809205412     
   1.1111111111111112        1.6834445200843446     
   1.0101010101010102        1.6832351275955124     
  0.90909090909090906        1.6829834901607141     
  0.80808080808080807        1.6826796716518782     
  0.70707070707070707        1.6823112282125587     
  0.60606060606060608        1.6818624991388564     
  0.50505050505050508        1.6813137718716815     
  0.40404040404040403        1.6806402058682737     
  0.30303030303030304        1.6798103201309951     
  0.20202020202020202        1.6787837815739406     
  0.10101010101010101        1.6775079870378462     
   0.0000000000000000        1.6759123869757580     
   10.000000000000000        1.6864335285272052     
   9.8989898989898997        1.6864334125766036     
   9.7979797979797976        1.6864332914769595     
   9.6969696969696972        1.6864331649705573     
   9.5959595959595951        1.6864330327868571     
   9.4949494949494948        1.6864328946418041     
   9.3939393939393945        1.6864327504906593     
   9.2929292929292924        1.6864326030307286     
   9.1919191919191920        1.6864324485860260     
   9.0909090909090899        1.6864322867276245     
   8.9898989898989896        1.6864321170023293     
   8.8888888888888893        1.6864319389311930     
   8.7878787878787872        1.6864317520079435     
   8.6868686868686869        1.6864315556972982     
   8.5858585858585865        1.6864313494331693     
   8.4848484848484844        1.6864311326167507     
   8.3838383838383841        1.6864309046144672     
   8.2828282828282820        1.6864306647557918     
   8.1818181818181817        1.6864304123309126     
   8.0808080808080813        1.6864301465882365     
   7.9797979797979792        1.6864298667317248     
   7.8787878787878789        1.6864295737985340     
   7.7777777777777777        1.6864292668744736     
   7.6767676767676765        1.6864289429171149     
   7.5757575757575752        1.6864286007467659     
   7.4747474747474749        1.6864282391065104     
   7.3737373737373737        1.6864278566567452     
   7.2727272727272725        1.6864274519692917     
   7.1717171717171713        1.6864270235210550     
   7.0707070707070709        1.6864265696871836     
   6.9696969696969697        1.6864260887337001     
   6.8686868686868685        1.6864255788095497     
   6.7676767676767673        1.6864250415191180     
   6.6666666666666670        1.6864244741013694     
   6.5656565656565657        1.6864238706331374     
   6.4646464646464645        1.6864232281584572     
   6.3636363636363633        1.6864225434956135     
   6.2626262626262621        1.6864218132184907     
   6.1616161616161618        1.6864210336362426     
   6.0606060606060606        1.6864202007711047     
   5.9595959595959593        1.6864193103341782     
   5.8585858585858581        1.6864183622680353     
   5.7575757575757578        1.6864173465566774     
   5.6565656565656566        1.6864162571641736     
   5.5555555555555554        1.6864150876138659     
   5.4545454545454541        1.6864138308794661     
   5.3535353535353538        1.6864124793342941     
   5.2525252525252526        1.6864110257995977     
   5.1515151515151514        1.6864094665746046     
   5.0505050505050502        1.6864077839351119     
   4.9494949494949498        1.6864059657063672     
   4.8484848484848486        1.6864039985629329     
   4.7474747474747474        1.6864018679101513     
   4.6464646464646462        1.6863995625468298     
   4.5454545454545450        1.6863970631561140     
   4.4444444444444446        1.6863943438404727     
   4.3434343434343434        1.6863913806500848     
   4.2424242424242422        1.6863881471158202     
   4.1414141414141410        1.6863846217268890     
   4.0404040404040407        1.6863807628052088     
   3.9393939393939394        1.6863765292440915     
   3.8383838383838382        1.6863718767564417     
   3.7373737373737375        1.6863667634454576     
   3.6363636363636362        1.6863611236275275     
   3.5353535353535355        1.6863548895432017     
   3.4343434343434343        1.6863479916518549     
   3.3333333333333335        1.6863403418533718     
   3.2323232323232323        1.6863318308901345     
   3.1313131313131310        1.6863223486914953     
   3.0303030303030303        1.6863117540083881     
   2.9292929292929291        1.6862998751381602     
   2.8282828282828283        1.6862865282559543     
   2.7272727272727271        1.6862714822969989     
   2.6262626262626263        1.6862544872498608     
   2.5252525252525251        1.6862352204963871     
   2.4242424242424243        1.6862133065610678     
   2.3232323232323231        1.6861882895793283     
   2.2222222222222223        1.6861596317452547     
   2.1212121212121211        1.6861266862171966     
   2.0202020202020203        1.6860886784659010     
   1.9191919191919191        1.6860446287888213     
   1.8181818181818181        1.6859933583059368     
   1.7171717171717171        1.6859334200268448     
   1.6161616161616161        1.6858630240134176     
   1.5151515151515151        1.6857799740839761     
   1.4141414141414141        1.6856815175141819     
   1.3131313131313131        1.6855641751221915     
   1.2121212121212122        1.6854236389844051     
   1.1111111111111112        1.6852544704689163     
   1.0101010101010102        1.6850498174390720     
  0.90909090909090906        1.6848010208583062     
  0.80808080808080807        1.6844972034857058     
  0.70707070707070707        1.6841246660274294     
  0.60606060606060608        1.6836663048190783     
  0.50505050505050508        1.6831008251288828     
  0.40404040404040403        1.6824018399194833     
  0.30303030303030304        1.6815368300050311     
  0.20202020202020202        1.6804652638602107     
  0.10101010101010101        1.6791355453772678     
   0.0000000000000000        1.6774789722042360     
   10.000000000000000        1.6858118292907951     
   9.8989898989898997        1.6858114314921435     
   9.7979797979797976        1.6858110171985785     
   9.6969696969696972        1.6858105856169283     
   9.5959595959595951        1.6858101359137025     
   9.4949494949494948        1.6858096672127809     
   9.3939393939393945        1.6858091791152796     
   9.2929292929292924        1.6858086768539964     
   9.1919191919191920        1.6858081525153459     
   9.0909090909090899        1.6858076048553672     
   8.9898989898989896        1.6858070325597625     
   8.8888888888888893        1.6858064342394661     
   8.7878787878787872        1.6858058084258953     
   8.6868686868686869        1.6858051535658669     
   8.5858585858585865        1.6858044680161395     
   8.4848484848484844        1.6858037500375613     
   8.3838383838383841        1.6858029977887909     
   8.2828282828282820        1.6858022093195490     
   8.1818181818181817        1.6858013825633671     
   8.0808080808080813        1.6858005153297906     
   7.9797979797979792        1.6857996052959894     
   7.8787878787878789        1.6857986539087282     
   7.7777777777777777        1.6857976585100525     
   7.6767676767676765        1.6857966119655097     
   7.5757575757575752        1.6857955109604443     
   7.4747474747474749        1.6857943519608680     
   7.3737373737373737        1.6857931311971779     
   7.2727272727272725        1.6857918446464988     
   7.1717171717171713        1.6857904880135315     
   7.0707070707070709        1.6857890567097511     
   6.9696969696969697        1.6857875458308020     
   6.8686868686868685        1.6857859501319146     
   6.7676767676767673        1.6857842692754044     
   6.6666666666666670        1.6857824962967503     
   6.5656565656565657        1.6857806193593154     
   6.4646464646464645        1.6857786307629052     
   6.3636363636363633        1.6857765222204353     
   6.2626262626262621        1.6857742848074910     
   6.1616161616161618        1.6857719089069481     
   6.0606060606060606        1.6857693841481003     
   5.9595959595959593        1.6857666993396836     
   5.8585858585858581        1.6857638511075794     
   5.7575757575757578        1.6857608168138460     
   5.6565656565656566        1.6857575811019172     
   5.5555555555555554        1.6857541274346814     
   5.4545454545454541        1.6857504378488850     
   5.3535353535353538        1.6857464928152206     
   5.2525252525252526        1.6857422727125475     
   5.1515151515151514        1.6857377622183380     
   5.0505050505050502        1.6857329243814441     
   4.9494949494949498        1.6857277294065545     
   4.8484848484848486        1.6857221446442590     
   4.7474747474747474        1.6857161342788125     
   4.6464646464646462        1.6857096641345759     
   4.5454545454545450        1.6857026890568974     
   4.4444444444444446        1.6856951542888565     
   4.3434343434343434        1.6856870043345527     
   4.2424242424242422        1.6856781777960401     
   4.1414141414141410        1.6856686168276536     
   4.0404040404040407        1.6856582338165000     
   3.9393939393939394        1.6856469380881336     
   3.8383838383838382        1.6856346304488226     
   3.7373737373737375        1.6856212067605854     
   3.6363636363636362        1.6856065333784105     
   3.5353535353535355        1.6855904654769969     
   3.4343434343434343        1.6855728455267747     
   3.3333333333333335        1.6855534875526574     
   3.2323232323232323        1.6855321729016310     
   3.1313131313131310        1.6855086630321683     
   3.0303030303030303        1.6854826763525173     
   2.9292929292929291        1.6854538845511831     
   2.8282828282828283        1.6854219189125148     
   2.7272727272727271        1.6853863424789972     
   2.6262626262626263        1.6853466562450212     
   2.5252525252525251        1.6853022741752988     
   2.4242424242424243        1.6852525130441258     
   2.3232323232323231        1.6851965704892604     
   2.2222222222222223        1.6851334966568670     
   2.1212121212121211        1.6850621930622616     
   2.0202020202020203        1.6849813547210162     
   1.9191919191919191        1.6848894204634275     
   1.8181818181818181        1.6847845425644492     
   1.7171717171717171        1.6846645179293691     
   1.6161616161616161        1.6845267176637915     
   1.5151515151515151        1.6843679977396999     
   1.4141414141414141        1.6841845680064726     
   1.3131313131313131        1.6839718787351330     
   1.2121212121212122        1.6837244425132896     
   1.1111111111111112        1.6834356669361636     
   1.0101010101010102        1.6830975391316692     
  0.90909090909090906        1.6827004114108344     
  0.80808080808080807        1.6822325570664398     
  0.70707070707070707        1.6816797540544097     
  0.60606060606060608        1.6810247166019163     
  0.50505050505050508        1.6802461529178370     
  0.40404040404040403        1.6793177169970808     
  0.30303030303030304        1.6782062532956512     
  0.20202020202020202        1.6768691579846997     
  0.10101010101010101        1.6752503553580440     
   0.0000000000000000        1.6732742263662501     
   10.000000000000000        1.6862013482480820     
   9.8989898989898997        1.6862011994523389     
   9.7979797979797976        1.6862010440799282     
   9.6969696969696972        1.6862008818049230     
   9.5959595959595951        1.6862007122851332     
   9.4949494949494948        1.6862005351612186     
   9.3939393939393945        1.6862003503999541     
   9.2929292929292924        1.6862001616916624     
   9.1919191919191920        1.6861999640764611     
   9.0909090909090899        1.6861997570036726     
   8.9898989898989896        1.6861995398911398     
   8.8888888888888893        1.6861993121232761     
   8.7878787878787872        1.6861990730489820     
   8.6868686868686869        1.6861988219794164     
   8.5858585858585865        1.6861985581856156     
   8.4848484848484844        1.6861982808959461     
   8.3838383838383841        1.6861979892933765     
   8.2828282828282820        1.6861976825125615     
   8.1818181818181817        1.6861973596367121     
   8.0808080808080813        1.6861970196942515     
   7.9797979797979792        1.6861966616552229     
   7.8787878787878789        1.6861962864002251     
   7.7777777777777777        1.6861958927492000     
   7.6767676767676765        1.6861954772748304     
   7.5757575757575752        1.6861950384882958     
   7.4747474747474749        1.6861945748029019     
   7.3737373737373737        1.6861940845270393     
   7.2727272727272725        1.6861935658565834     
   7.1717171717171713        1.6861930168666839     
   7.0707070707070709        1.6861924355028843     
   6.9696969696969697        1.6861918195715297     
   6.8686868686868685        1.6861911667293772     
   6.7676767676767673        1.6861904786136452     
   6.6666666666666670        1.6861897517962665     
   6.5656565656565657        1.6861889791737297     
   6.4646464646464645        1.6861881570534021     
   6.3636363636363633        1.6861872814590320     
   6.2626262626262621        1.6861863481068675     
   6.1616161616161618        1.6861853523795332     
   6.0606060606060606        1.6861842892974261     
   5.9595959595959593        1.6861831534873801     
   5.8585858585858581        1.6861819444034680     
   5.7575757575757578        1.6861806500016718     
   5.6565656565656566        1.6861792627664611     
   5.5555555555555554        1.6861777746203659     
   5.4545454545454541        1.6861761767920820     
   5.3535353535353538        1.6861744597504682     
   5.2525252525252526        1.6861726143128579     
   5.1515151515151514        1.6861706348717942     
   5.0505050505050502        1.6861685006537066     
   4.9494949494949498        1.6861661966395722     
   4.8484848484848486        1.6861637063742789     
   4.7474747474747474        1.6861610118140076     
   4.6464646464646462        1.6861580980671584     
   4.5454545454545450        1.6861549415628871     
   4.4444444444444446        1.6861515115760599     
   4.3434343434343434        1.6861477789092723     
   4.2424242424242422        1.6861437112529545     
   4.1414141414141410        1.6861392802139616     
   4.0404040404040407        1.6861344372691847     
   3.9393939393939394        1.6861291333931592     
   3.8383838383838382        1.6861233153335067     
   3.7373737373737375        1.6861169313006534     
   3.6363636363636362        1.6861099039209289     
   3.5353535353535355        1.6861021523441095     
   3.4343434343434343        1.6860935911611725     
   3.3333333333333335        1.6860841159429423     
   3.2323232323232323        1.6860736004962147     
   3.1313131313131310        1.6860619139971755     
   3.0303030303030303        1.6860488915652643     
   2.9292929292929291        1.6860343343007065     
   2.8282828282828283        1.6860180235952076     
   2.7272727272727271        1.6859996979946916     
   2.6262626262626263        1.6859790670476171     
   2.5252525252525251        1.6859557655373956     
   2.4242424242424243        1.6859293657353138     
   2.3232323232323231        1.6858993578691150     
   2.2222222222222223        1.6858651401573634     
   2.1212121212121211        1.6858259939983637     
   2.0202020202020203        1.6857810596412726     
   1.9191919191919191        1.6857292675490214     
   1.8181818181818181        1.6856693592369658     
   1.7171717171717171        1.6855997928818787     
   1.6161616161616161        1.6855186577739254     
   1.5151515151515151        1.6854236486206879     
   1.4141414141414141        1.6853119235320897     
   1.3131313131313131        1.6851799233522213     
   1.2121212121212122        1.6850232930729989     
   1.1111111111111112        1.6848366124452583     
   1.0101010101010102        1.6846130999837139     
  0.90909090909090906        1.6843443185336275     
  0.80808080808080807        1.6840197523040812     
  0.70707070707070707        1.6836262034108542     
  0.60606060606060608        1.6831472751324852     
  0.50505050505050508        1.6825623999240866     
  0.40404040404040403        1.6818458938028424     
  0.30303030303030304        1.6809653284595005     
  0.20202020202020202        1.6798793385498345     
  0.10101010101010101        1.6785339881078647     
   0.0000000000000000        1.6768567310285853     
   10.000000000000000        1.6858663934401747     
   9.8989898989898997        1.6858662332257475     
   9.7979797979797976        1.6858660659780356     
   9.6969696969696972        1.6858658913506086     
   9.5959595959595951        1.6858657089797293     
   9.4949494949494948        1.6858655184833999     
   9.3939393939393945        1.6858653198120779     
   9.2929292929292924        1.6858651167202536     
   9.1919191919191920        1.6858649041224270     
   9.0909090909090899        1.6858646814376470     
   8.9898989898989896        1.6858644480517917     
   8.8888888888888893        1.6858642033155120     
   8.7878787878787872        1.6858639465420242     
   8.6868686868686869        1.6858636770047628     
   8.5858585858585865        1.6858633939348568     
   8.4848484848484844        1.6858630965184385     
   8.3838383838383841        1.6858627838937592     
   8.2828282828282820        1.6858624551480972     
   8.1818181818181817        1.6858621093144512     
   8.0808080808080813        1.6858617453679909     
   7.9797979797979792        1.6858613622222509     
   7.8787878787878789        1.6858609609000572     
   7.7777777777777777        1.6858605401554128     
   7.6767676767676765        1.6858600962679471     
   7.5757575757575752        1.6858596276579243     
   7.4747474747474749        1.6858591326413332     
   7.3737373737373737        1.6858586094223365     
   7.2727272727272725        1.6858580560851113     
   7.1717171717171713        1.6858574705850287     
   7.0707070707070709        1.6858568507391096     
   6.9696969696969697        1.6858561942156967     
   6.8686868686868685        1.6858554985232674     
   6.7676767676767673        1.6858547646450486     
   6.6666666666666670        1.6858539890711037     
   6.5656565656565657        1.6858531650195505     
   6.4646464646464645        1.6858522886737470     
   6.3636363636363633        1.6858513559258552     
   6.2626262626262621        1.6858503623523717     
   6.1616161616161618        1.6858493031873583     
   6.0606060606060606        1.6858481732931396     
   5.9595959595959593        1.6858469671281899     
   5.8585858585858581        1.6858456854666122     
   5.7575757575757578        1.6858443144242830     
   5.6565656565656566        1.6858428460693213     
   5.5555555555555554        1.6858412718909759     
   5.4545454545454541        1.6858395826431154     
   5.3535353535353538        1.6858377682737249     
   5.2525252525252526        1.6858358188565761     
   5.1515151515151514        1.6858337273319013     
   5.0505050505050502        1.6858314734673734     
   4.9494949494949498        1.6858290417186697     
   4.8484848484848486        1.6858264150587845     
   4.7474747474747474        1.6858235748202808     
   4.6464646464646462        1.6858205059087452     
   4.5454545454545450        1.6858171838311866     
   4.4444444444444446        1.6858135763828694     
   4.3434343434343434        1.6858096531898226     
   4.2424242424242422        1.6858053806337963     
   4.1414141414141410        1.6858007282761520     
   4.0404040404040407        1.6857956466658079     
   3.9393939393939394        1.6857900853477077     
   3.8383838383838382        1.6857839893630240     
   3.7373737373737375        1.6857773050649325     
   3.6363636363636362        1.6857699528851555     
   3.5353535353535355        1.6857618495470541     
   3.4343434343434343        1.6857529071069257     
   3.3333333333333335        1.6857430179365340     
   3.2323232323232323        1.6857320518788754     
   3.1313131313131310        1.6857198728716583     
   3.0303030303030303        1.6857063121037383     
   2.9292929292929291        1.6856911675431570     
   2.8282828282828283        1.6856742179252879     
   2.7272727272727271        1.6856551926391754     
   2.6262626262626263        1.6856337909656400     
   2.5252525252525251        1.6856096404490812     
   2.4242424242424243        1.6855823051629970     
   2.3232323232323231        1.6855512677448172     
   2.2222222222222223        1.6855159213586233     
   2.1212121212121211        1.6854755254523699     
   2.0202020202020203        1.6854291975862137     
   1.9191919191919191        1.6853758674173773     
   1.8181818181818181        1.6853142492531599     
   1.7171717171717171        1.6852427779897803     
   1.6161616161616161        1.6851595346234194     
   1.5151515151515151        1.6850621748167005     
   1.4141414141414141        1.6849478396913868     
   1.3131313131313131        1.6848129546087871     
   1.2121212121212122        1.6846531163265921     
   1.1111111111111112        1.6844628922073628     
   1.0101010101010102        1.6842354679621570     
  0.90909090909090906        1.6839624237188351     
  0.80808080808080807        1.6836331725785643     
  0.70707070707070707        1.6832346092904253     
  0.60606060606060608        1.6827502977035353     
  0.50505050505050508        1.6821597789547154     
  0.40404040404040403        1.6814373801860296     
  0.30303030303030304        1.6805508240871272     
  0.20202020202020202        1.6794588453094796     
  0.10101010101010101        1.6781076614214865     
   0.0000000000000000        1.6764249148095489     
   10.000000000000000        1.6857092705363919     
   9.8989898989898997        1.6857084775846853     
   9.7979797979797976        1.6857076565676039     
   9.6969696969696972        1.6857068062554714     
   9.5959595959595951        1.6857059253565871     
   9.4949494949494948        1.6857050125135855     
   9.3939393939393945        1.6857040667343315     
   9.2929292929292924        1.6857030916807105     
   9.1919191919191920        1.6857020800350087     
   9.0909090909090899        1.6857010299930386     
   8.9898989898989896        1.6856999396511807     
   8.8888888888888893        1.6856988070000465     
   8.7878787878787872        1.6856976299176909     
   8.6868686868686869        1.6856964061623141     
   8.5858585858585865        1.6856951333644223     
   8.4848484848484844        1.6856938090183959     
   8.3838383838383841        1.6856924304734200     
   8.2828282828282820        1.6856909949237122     
   8.1818181818181817        1.6856894993979958     
   8.0808080808080813        1.6856879407481500     
   7.9797979797979792        1.6856863156369537     
   7.8787878787878789        1.6856846223728770     
   7.7777777777777777        1.6856828571797478     
   7.6767676767676765        1.6856810140103493     
   7.5757575757575752        1.6856790884551942     
   7.4747474747474749        1.6856770758216304     
   7.3737373737373737        1.6856749711126933     
   7.2727272727272725        1.6856727690041422     
   7.1717171717171713        1.6856704638194846     
   7.0707070707070709        1.6856680495028056     
   6.9696969696969697        1.6856655195891634     
   6.8686868686868685        1.6856628671723146     
   6.7676767676767673        1.6856600888796380     
   6.6666666666666670        1.6856571760864918     
   6.5656565656565657        1.6856541162321264     
   6.4646464646464645        1.6856508996494550     
   6.3636363636363633        1.6856475159521622     
   6.2626262626262621        1.6856439539724475     
   6.1616161616161618        1.6856402016925311     
   6.0606060606060606        1.6856362461692025     
   5.9595959595959593        1.6856320734506105     
   5.8585858585858581        1.6856276723178347     
   5.7575757575757578        1.6856230223026643     
   5.6565656565656566        1.6856181052946910     
   5.5555555555555554        1.6856129017370649     
   5.4545454545454541        1.6856073904282463     
   5.3535353535353538        1.6856015483599818     
   5.2525252525252526        1.6855953516033151     
   5.1515151515151514        1.6855887780938954     
   5.0505050505050502        1.6855817905658710     
   4.9494949494949498        1.6855743552773144     
   4.8484848484848486        1.6855664353349649     
   4.7474747474747474        1.6855579903490177     
   4.6464646464646462        1.6855489781461248     
   4.5454545454545450        1.6855393493485102     
   4.4444444444444446        1.6855290476185314     
   4.3434343434343434        1.6855180129130056     
   4.2424242424242422        1.6855061789711874     
   4.1414141414141410        1.6854934785240585     
   4.0404040404040407        1.6854798233682016     
   3.9393939393939394        1.6854651195855157     
   3.8383838383838382        1.6854492638352390     
   3.7373737373737375        1.6854321436085931     
   3.6363636363636362        1.6854136264127828     
   3.5353535353535355        1.6853935659769617     
   3.4343434343434343        1.6853718006921863     
   3.3333333333333335        1.6853481447867615     
   3.2323232323232323        1.6853223847347465     
   3.1313131313131310        1.6852942824514832     
   3.0303030303030303        1.6852635654366999     
   2.9292929292929291        1.6852299219696281     
   2.8282828282828283        1.6851930006317724     
   2.7272727272727271        1.6851523861503781     
   2.6262626262626263        1.6851076024587162     
   2.5252525252525251        1.6850581062151175     
   2.4242424242424243        1.6850032700697484     
   2.3232323232323231        1.6849423584564927     
   2.2222222222222223        1.6848745052618850     
   2.1212121212121211        1.6847987158783342     
   2.0202020202020203        1.6847138156627148     
   1.9191919191919191        1.6846184036335641     
   1.8181818181818181        1.6845108442024381     
   1.7171717171717171        1.6843891881380386     
   1.6161616161616161        1.6842511026031362     
   1.5151515151515151        1.6840938311946738     
   1.4141414141414141        1.6839140302001614     
   1.3131313131313131        1.6837077117846821     
   1.2121212121212122        1.6834700204069237     
   1.1111111111111112        1.6831951285124536     
   1.0101010101010102        1.6828759077899891     
  0.90909090909090906        1.6825037228761148     
  0.80808080808080807        1.6820680212970411     
  0.70707070707070707        1.6815558516813167     
  0.60606060606060608        1.6809513772420008     
  0.50505050505050508        1.6802350164375330     
  0.40404040404040403        1.6793824884143422     
  0.30303030303030304        1.6783633418893955     
  0.20202020202020202        1.6771388135070373     
  0.10101010101010101        1.6756584889133179     
   0.0000000000000000        1.6738550344888468     
