   1.0497607945580963E-005   3.1663939435455557E-015   3.1663940217688279E-015   3.7582532346101159E-043   3.1663940217688264E-015
   1.1591339898586732E-005   4.6756130135445553E-015   4.6756129749811728E-015   7.5211877971495154E-043   4.6756129749811696E-015
   1.2799026990251152E-005   6.9041824179474443E-015   6.9041824936961980E-015   1.5052014789609510E-042   6.9041824936961940E-015
   1.4132539945421730E-005   1.0194965750887974E-014   1.0194965633087206E-014   3.0122933171415015E-042   1.0194965633087200E-014
   1.5604990039719259E-005   1.5054256581260887E-014   1.5054257279119508E-014   6.0284045104753638E-042   1.5054257279119499E-014
   1.7230853700311858E-005   2.2229666902367325E-014   2.2229666498702962E-014   1.2064372680383987E-041   2.2229666498702949E-014
   1.9026114387088472E-005   3.2825143435019196E-014   3.2825142343366263E-014   2.4143962141041189E-041   3.2825142343366244E-014
   2.1008419935242280E-005   4.8470804000125114E-014   4.8470803108122097E-014   4.8318354483547940E-041   4.8470803108122072E-014
   2.3197258997242881E-005   7.1573753815652166E-014   7.1573755492591789E-014   9.6697676515573475E-041   7.1573755492591764E-014
   2.5614152036723674E-005   1.0568843940026277E-013   1.0568844112236627E-013   1.9351699961872375E-040   1.0568844112236622E-013
   2.8282855055294934E-005   1.5606337374111267E-013   1.5606336751714066E-013   3.8727706593183966E-040   1.5606336751714058E-013
   3.1229610613081618E-005   2.3044894257171680E-013   2.3044893357651816E-013   7.7504311687536268E-040   2.3044893357651805E-013
   3.4483382478356355E-005   3.4028932441025604E-013   3.4028932013251846E-013   1.5510614057506345E-039   3.4028932013251831E-013
   3.8076159398769946E-005   5.0248358454758817E-013   5.0248357986564917E-013   3.1040723307859743E-039   5.0248357986564897E-013
   4.2043262510560433E-005   7.4198549845980654E-013   7.4198552023029473E-013   6.2120492778986148E-039   7.4198552023029432E-013
   4.6423694584518691E-005   1.0956428935596378E-012   1.0956428904468366E-012   1.2431914856806194E-038   1.0956428904468360E-012
   5.1260518375784186E-005   1.6178663574443341E-012   1.6178663222846974E-012   2.4879487149309713E-038   1.6178663222846966E-012
   5.6601285905344405E-005   2.3890008539554086E-012   2.3890008886950830E-012   4.9790295109063922E-038   2.3890008886950818E-012
   6.2498496845364544E-005   3.5276854059516873E-012   3.5276853038030335E-012   9.9643189555629365E-038   3.5276853038030315E-012
   6.9010129664093242E-005   5.2091082120507690E-012   5.2091083153149619E-012   1.9941166886137752E-037   5.2091083153149595E-012
   7.6200209150556434E-005   7.6919615070817480E-012   7.6919616451015281E-012   3.9907443365831616E-037   7.6919616451015249E-012
   8.4139406681060791E-005   1.1358230429134365E-011   1.1358230317025979E-011   7.9865088464681954E-037   1.1358230317025974E-011
   9.2905778728891164E-005   1.6771976738471551E-011   1.6771976146541496E-011   1.5983060959867816E-036   1.6771976146541486E-011
   1.0258550901198752E-004   2.4766113309430904E-011   2.4766112727692153E-011   3.1986228359133907E-036   2.4766112727692143E-011
   1.1327375977998591E-004   3.6570550059241277E-011   3.6570548586501423E-011   6.4012703519608723E-036   3.6570548586501410E-011
   1.2507560313679289E-004   5.4001409739125957E-011   5.4001410812991577E-011   1.2810591989593683E-035   5.4001410812991545E-011
   1.3810706150252369E-004   7.9740445853497331E-011   7.9740443084387407E-011   2.5637295083786045E-035   7.9740443084387381E-011
   1.5249625721480703E-004   1.1774766490658540E-010   1.1774765819795048E-010   5.1306843982030836E-035   1.1774765819795043E-010
   1.6838463488966221E-004   1.7387047822577563E-010   1.7387047230616625E-010   1.0267819482495092E-034   1.7387047230616617E-010
   1.8592840933706603E-004   2.5674350769115146E-010   2.5674351285286979E-010   2.0548554874368919E-034   2.5674351285286968E-010
   2.0530004985630496E-004   3.7911687744855291E-010   3.7911687191604973E-010   4.1122962304638787E-034   3.7911687191604963E-010
   2.2668998281005773E-004   5.5981774885554448E-010   5.5981773818578653E-010   8.2297627330855857E-034   5.5981773818578633E-010
   2.5030851247720415E-004   8.2664733061703965E-010   8.2664728750050168E-010   1.6469876514353138E-033   8.2664728750050137E-010
   2.7638784376904352E-004   1.2206579515262911E-009   1.2206578715339477E-009   3.2960479642758642E-033   1.2206578715339473E-009
   3.0518430867232361E-004   1.8024676594459761E-009   1.8024675480151654E-009   6.5962386522963377E-033   1.8024675480151647E-009
   3.3698105835355824E-004   2.6615895646554083E-009   2.6615894751553982E-009   1.3200772269777191E-032   2.6615894751553970E-009
   3.7209066795185214E-004   3.9302002834038267E-009   3.9301998906862171E-009   2.6418144203701053E-032   3.9301998906862163E-009
   4.1085830889642222E-004   5.8034775941609064E-009   5.8034771605195824E-009   5.2869515521244923E-032   5.8034771605195799E-009
   4.5366509584710002E-004   8.5696271488151029E-009   8.5696257324606333E-009   1.0580552068238996E-031   8.5696257324606300E-009
   5.0093187019228914E-004   1.2654225143744793E-008   1.2654223159820016E-008   2.1174409373311749E-031   1.2654223159820011E-008
   5.5312330368906249E-004   1.8685691478915413E-008   1.8685687175141792E-008   4.2375443579680176E-031   1.8685687175141789E-008
   6.1075249686837186E-004   2.7591975672057125E-008   2.7591967011560914E-008   8.4804172958814395E-031   2.7591967011560907E-008
   6.7438598489388834E-004   4.0743317103544029E-008   4.0743300772982216E-008   1.6971493808884409E-030   4.0743300772982203E-008
   7.4464938370510947E-004   6.0163074437298346E-008   6.0163044157313177E-008   3.3964322759468299E-030   6.0163044157313151E-008
   8.2223338540643454E-004   8.8838978517654688E-008   8.8838921143470133E-008   6.7971306287843445E-030   8.8838921143470120E-008
   9.0790080139413443E-004   1.3118288341652709E-007   1.3118277029170153E-007   1.3602803253927481E-029   1.3118277029170153E-007
   1.0024937801063061E-003   1.9370943167071582E-007   1.9370919724329045E-007   2.7222692523738042E-029   1.9370919724329045E-007
   1.1069423053413627E-003   2.8597592264983240E-007   2.8597546819967319E-007   5.4479582230618578E-029   2.8597546819967319E-007
   1.2222731020301583E-003   4.2195134428645156E-007   4.2195046710586757E-007   1.0902752306868091E-028   4.2195046710586757E-007
   1.3496201718226077E-003   6.2217228668753823E-007   6.2217059836687095E-007   2.1819192765770227E-028   6.2217059836687095E-007
   1.4902353286743162E-003   9.1672313663377082E-007   9.1671979642765451E-007   4.3665759704530988E-028   9.1671979642765462E-007
   1.6455008881166577E-003   1.3495899124673748E-006   1.3495833400015779E-006   8.7386220061541212E-028   1.3495833400015783E-006
   1.8169435206800699E-003   1.9849510902938428E-006   1.9849383104882146E-006   1.7488193583195117E-027   1.9849383104882151E-006
   2.0062483381479974E-003   2.9163233376076976E-006   2.9162986020503313E-006   3.4998252714420210E-027   2.9162986020503330E-006
   2.2152769379317752E-003   4.2795214215816846E-006   4.2794730767475240E-006   7.0040299739409278E-027   4.2794730767475265E-006
   2.4460835848003626E-003   6.2714993350305777E-006   6.2714055304375613E-006   1.4016793567418579E-026   6.2714055304375664E-006
   2.7009379118680945E-003   9.1769721345771406E-006   9.1767903636866750E-006   2.8051051363587908E-026   9.1767903636866869E-006
   2.9823449440300460E-003   1.3406060892270862E-005   1.3405708087379075E-005   5.6136930388615439E-026   1.3405708087379097E-005
   3.2930714078247538E-003   1.9548506507712488E-005   1.9547823679178162E-005   1.1234333629914893E-025   1.9547823679178202E-005
   3.6361722741276017E-003   2.8447484375687245E-005   2.8446166948109127E-005   2.2482524534728830E-025   2.8446166948109208E-005
   4.0150200948119172E-003   4.1306155053201758E-005   4.1303616052841987E-005   4.4992601865860603E-025   4.1303616052842143E-005
   4.4333399273455134E-003   5.9832209597835086E-005   5.9827336647846347E-005   9.0039998845079870E-025   5.9827336647846632E-005
   4.8952437937259674E-003   8.6435729918857380E-005   8.6426388583414200E-005   1.8018853203877537E-024   8.6426388583414729E-005
   5.4052728228271025E-003   1.2450901875134422E-004   1.2449118278305595E-004   3.6059143344741204E-024   1.2449118278305690E-004
   5.9684407897293550E-003   1.7878001946197591E-004   1.7874604093158237E-004   7.2160378048318620E-024   1.7874604093158418E-004
   6.5902848728001144E-003   2.5582411470116175E-004   2.5575966239171471E-004   1.4440293923813651E-023   2.5575966239171802E-004
   7.2769178077578519E-003   3.6466159124862017E-004   3.6453976105545860E-004   2.8896439596701774E-023   3.6453976105546457E-004
   8.0350907519459707E-003   5.1758764139259335E-004   5.1735838584393600E-004   5.7822996565328779E-023   5.1735838584394695E-004
   8.8722556829452532E-003   7.3129794740179439E-004   7.3086858013314180E-004   1.1570156030632332E-022   7.3086858013316175E-004
   9.7966445609927195E-003   1.0279715192809482E-003   1.0271716516267366E-003   2.3150148093072269E-022   1.0271716516267731E-003
   1.0817344300448895E-002   1.4368716743860389E-003   1.4353915144976190E-003   4.6316264012900570E-022   1.4353915144976854E-003
   1.1944388970732692E-002   1.9958903480057264E-003   1.9931710122652242E-003   9.2653824791079270E-022   1.9931710122653439E-003
   1.3188858516514300E-002   2.7529074376928882E-003   2.7479494538036157E-003   1.8531958441676619E-021   2.7479494538038326E-003
   1.4562988653779026E-002   3.7676815034105734E-003   3.7587130573997780E-003   3.7057455574112118E-021   3.7587130574001705E-003
   1.6080286353826523E-002   5.1112356554606142E-003   5.0951470649002123E-003   7.4076194521549555E-021   5.0951470649009175E-003
   1.7755670472979553E-002   6.8663894200754272E-003   6.8377796265501715E-003   1.4800006182277077E-020   6.8377796265514353E-003
   1.9605610519647595E-002   9.1245112815233551E-003   9.0741262040072677E-003   2.9547717176347174E-020   9.0741262040095264E-003
   2.1648293361067772E-002   1.1978853855397870E-002   1.1891214029277175E-002   5.8927285822729930E-020   1.1891214029281196E-002
   2.3903800174593925E-002   1.5523375154639002E-002   1.5373278729179932E-002   1.1733362028036076E-019   1.5373278729187055E-002
   2.6394305750727654E-002   1.9838900367253946E-002   1.9586988662892716E-002   2.3309146584487986E-019   1.9586988662905262E-002
   2.9144294559955593E-002   2.5003044920263104E-002   2.4590122902397617E-002   4.6149998160051061E-019   2.4590122902419565E-002
   3.2180801033973701E-002   3.1102281985975068E-002   3.0442420331681191E-002   9.0929605132954560E-019   3.0442420331719306E-002
   3.5533674061298370E-002   3.8270836203364869E-002   3.7241422089781727E-002   1.7791308687531536E-018   3.7241422089847383E-002
   3.9235882461071007E-002   4.6786015863420731E-002   4.5209443107087195E-002   3.4468109495153064E-018   4.5209443107199224E-002
   4.3323814868927002E-002   5.7163993641080220E-002   5.4770741364267364E-002   6.5865697480461362E-018   5.4770741364456546E-002
   4.7656197100877769E-002   6.9677964998447819E-002   6.6096165945319335E-002   1.2065025759338080E-017   6.6096165945628754E-002
   5.1988579332828529E-002   8.4333848280652088E-002   7.9089420435071292E-002   2.0565428966917620E-017   7.9089420435550450E-002
   5.6320961564779275E-002  0.10124271880392625        9.3742116562726963E-002   3.2929301545747881E-017   9.3742116563434036E-002
   6.0653343796730055E-002  0.12026785907003010       0.10982860034427755        4.9929330862169246E-017  0.10982860034527719     
   6.4985722303390517E-002  0.14096081090549048       0.12688447365928188        7.2201379428335039E-017  0.12688447366064198     
   6.9318108260631561E-002  0.16242200039482599       0.14414439397567122        1.0021276557337814E-016  0.14414439397745910     
   7.3650486767292023E-002  0.18330287068980808       0.16059441232736091        1.3426753710101593E-016  0.16059441232963939     
   7.7982872724533067E-002  0.20244311329644990       0.17549142778728630        1.7453839298024806E-016  0.17549142779011181     
   8.2315251231193529E-002  0.21935023086559180       0.18866716625103058        2.2110848894416671E-016  0.18866716625445409     
   8.6647629737854004E-002  0.23418642747386315       0.20041223956000853        2.7401199201296475E-016  0.20041223956407739     
   9.0980015695095062E-002  0.24759020989242092       0.21132927767425311        3.3326543729303852E-016  0.21132927767901377     
   9.6368782222270966E-002  0.26394235649136738       0.22498508314540644        4.1585838589598754E-016  0.22498508315109639     
  0.10175754129886626       0.28229861817622254       0.24019838574010230        5.0837596615489703E-016  0.24019838574680705     
  0.10714630782604216       0.30520348194496050       0.25832310911670159        6.1093375864332349E-016  0.25832310912451978     
  0.11253507435321806       0.33384126238363576       0.27964739493875562        7.2369088431397547E-016  0.27964739494779317     
  0.11792384088039397       0.36765375604908113       0.30350048859796269        8.4684205373458989E-016  0.30350048860832424     
  0.12331259995698926       0.40428898189778728       0.32838690668896359        9.8060729897392869E-016  0.32838690670074289     
  0.12870137393474582       0.44039357515118643       0.35255056258510825        1.1252238094165714E-015  0.35255056259838274     
  0.13409014046192172       0.47277686584344186       0.37465882354955882        1.2809358180337358E-015  0.37465882356439079     
  0.13947889208793640       0.49946249728803044       0.39417605144226719        1.4479903344499867E-015  0.39417605145870988     
  0.14486765861511230       0.51977125827024728       0.41123420217018042        1.6266330582497295E-015  0.41123420218828449     
  0.15025642514228821       0.53504742173672915       0.42664311613253869        1.8171030469667795E-015  0.42664311615236084     
  0.15564519166946411       0.54824729931227267       0.44180002715525879        2.0196316473231849E-015  0.44180002717687117     
  0.16103395819664001       0.56327204718629709       0.45813204219341369        2.2344413441960169E-015  0.45813204221690812     
  0.16642272472381592       0.58285640989217535       0.47608410135805745        2.4617442663320016E-015  0.47608410138353469     
  0.17181149125099179       0.60980881907460682       0.49673145880940550        2.7017418241852606E-015  0.49673145883698522     
  0.17720025777816775       0.64241304427115864       0.51858323001188344        2.9546249570512137E-015  0.51858323004166706     
  0.18258900940418243       0.67928968744861096       0.54127080468165978        3.2205732164728794E-015  0.54127080471374434     
  0.18797777593135831       0.71754312652400976       0.56382691303410348        3.4997576202318951E-015  0.56382691306857136     
  0.19336654245853424       0.75375906019309291       0.58551040096571572        3.7923375620572436E-015  0.58551040100263629     
  0.19875530898571014       0.78502028592405537       0.60608778883820646        4.0984639956749281E-015  0.60608778887764347     
  0.20414407551288605       0.80934766712763506       0.62488464342320893        4.4182764386989565E-015  0.62488464346521166     
  0.20953284204006195       0.82734553077016459       0.64233961013637175        4.7519109620188199E-015  0.64233961018099506     
  0.21492160856723788       0.84173089821017844       0.65968390581690495        5.0994887657423652E-015  0.65968390586422432     
  0.22031037509441379       0.85532341268997292       0.67707965434397166        5.4611323785299759E-015  0.67707965439406581     
  0.22569914162158966       0.87101069960264632       0.69502109916403665        5.8369486633997875E-015  0.69502109921699429     
  0.23108789324760434       0.89105126912427779       0.71369247217734211        6.2270388196412447E-015  0.71369247223325649     
  0.23647665977478027       0.91645225769156324       0.73282843865551295        6.6315187272993666E-015  0.73282843871447267     
  0.24186542630195618       0.94677878963814932       0.75240727324057788        7.0504607317496821E-015  0.75240727330267154     
  0.24725419282913208       0.98034438973966342       0.77215404328034376        7.4839692143723390E-015  0.77215404334565396     
  0.25264295935630798        1.0145890298467031       0.79168128818055505        7.9321307484669865E-015  0.79168128824915573     
  0.25803172588348389        1.0467727777205489       0.81076078095098081        8.3950025742501156E-015  0.81076078102293914     
  0.26342049241065979        1.0749034418314152       0.82939819932186831        8.8727005810699422E-015  0.82939819939725123     
  0.26880925893783575        1.0983066306660305       0.84783660210342948        9.3652819216779397E-015  0.84783660218230827     
  0.27419802546501160        1.1175289003887776       0.86559195581075388        9.8727868531259621E-015  0.86559195589318705     
  0.27958679199218750        1.1338481706679551       0.88347455567580679        1.0395348197389124E-014  0.88347455576187295     
  0.28497555851936335        1.1491297116042511       0.90102879187536167        1.0933011403822288E-014  0.90102879196512697     
  0.29036432504653931        1.1659862789943718       0.91888669752767893        1.1485785089781372E-014  0.91888669762122577     
  0.29575309157371527        1.1857952980535698       0.93670340502591420        1.2053799394687309E-014  0.93670340512331585     
  0.30114182829856878        1.2089257564702796       0.95455122350483501        1.2637158076964295E-014  0.95455122360616662     
  0.30653059482574463        1.2351547437414043       0.97219186195417107        1.3235798318826702E-014  0.97219186205950037     
  0.31191936135292053        1.2638212637930275       0.99015205390277905        1.3849794758215948E-014  0.99015205401218853     
  0.31730812788009644        1.2927227598200699        1.0078312236545968        1.4479422317451729E-014   1.0078312237681524     
  0.32269689440727234        1.3204665643309015        1.0252302227908379        1.5124514354465365E-014   1.0252302229086034     
  0.32808566093444824        1.3464101295884126        1.0429331584143349        1.5785090282489871E-014   1.0429331585363921     
  0.33347442746162415        1.3690274956531248        1.0598899909812174        1.6461362133082051E-014   1.0598899911076149     
  0.33886319398880005        1.3885954860811112        1.0769979917739338        1.7153498184095560E-014   1.0769979919047492     
  0.34425196051597590        1.4067668355348699        1.0940329271159601        1.7861257668204245E-014   1.0940329272512614     
  0.34964072704315191        1.4239372003151645        1.1108674901649340        1.8584691059263052E-014   1.1108674903047850     
  0.35502949357032781        1.4420353881216854        1.1278405322934364        1.9324185521268401E-014   1.1278405324379137     
  0.36041826009750366        1.4613412213980428        1.1446898628518638        2.0079735556682450E-014   1.1446898630010343     
  0.36580702662467957        1.4820261036176436        1.1609323414743171        2.0851091308607949E-014   1.1609323416282287     
  0.37119579315185547        1.5053200583193631        1.1779595045686257        2.1638295266824938E-014   1.1779595047273759     
  0.37658455967903137        1.5293116331819052        1.1943525823875678        2.2441817673564581E-014   1.1943525825512042     
  0.38197332620620728        1.5541355601555460        1.2108367185307631        2.3261732755951557E-014   1.2108367186993600     
  0.38736209273338318        1.5781312182450280        1.2271233704204676        2.4097622721873805E-014   1.2271233705940860     
  0.39275082945823669        1.6014611795467015        1.2435948595730799        2.4949524885856652E-014   1.2435948597517950     
  0.39813959598541260        1.6227483121000947        1.2595163953846882        2.5817699172604497E-014   1.2595163955685469     
  0.40352836251258850        1.6428089484134341        1.2757150144135612        2.6702957637748247E-014   1.2757150146026466     
  0.40891712903976440        1.6617980073751835        1.2916563507795773        2.7604347156434507E-014   1.2916563509739460     
  0.41430589556694031        1.6800450753779654        1.3075717453107760        2.8521920549376810E-014   1.3075717455104938     
  0.41969466209411621        1.6982205395928820        1.3233168836256906        2.9455705576030233E-014   1.3233168838308169     
  0.42508342862129211        1.7171444777437443        1.3392366192176792        3.0406712369701069E-014   1.3392366194282925     
  0.43047219514846802        1.7366313941130465        1.3547357871724806        3.1374612403616813E-014   1.3547357873886314     
  0.43586096167564392        1.7572543154610030        1.3704488123114695        3.2358847257900566E-014   1.3704488125332333     
  0.44124972820281982        1.7783457148013966        1.3859412959917132        3.3359460143285178E-014   1.3859412962191457     
  0.44663849472999573        1.7998638518417278        1.4013506621816756        3.4376507306266258E-014   1.4013506624148377     
  0.45202726125717163        1.8211289057685944        1.4166338623214039        3.5411484925631061E-014   1.4166338625603625     
  0.45741602778434753        1.8422665325831018        1.4319880724238843        3.6463426779045145E-014   1.4319880726687095     
  0.46280479431152344        1.8623012067440134        1.4471341159194260        3.7531886014800911E-014   1.4471341161701730     
  0.46819356083869934        1.8820029065863897        1.4622318593803834        3.8616928564552189E-014   1.4622318596371136     
  0.47358232736587524        1.9005969546005357        1.4772210092856350        3.9718532264000417E-014   1.4772210095484066     
  0.47897109389305115        1.9189507765263312        1.4922508314690304        4.0838402477720599E-014   1.4922508317379175     
  0.48435983061790466        1.9371989572447945        1.5071442003790168        4.1975806442451381E-014   1.5071442006540803     
  0.48974859714508057        1.9554033069967063        1.5219032061528335        4.3129902736409020E-014   1.5219032064341300     
  0.49513736367225647        1.9740790563789155        1.5366784076527311        4.4300789478067222E-014   1.5366784079403246     
  0.50052613019943237        1.9928341471091802        1.5513623007172939        4.5488420474267478E-014   1.5513623010112423     
  0.50591492652893066        2.0120876098776392        1.5659791528881906        4.6693480641189336E-014   1.5659791531885559     
  0.51130366325378418        2.0314938784355578        1.5804777997848352        4.7917839972183783E-014   1.5804778000916853     
  0.51669245958328247        2.0508009501049860        1.5949122023505986        4.9159038517595740E-014   1.5949122026639919     
  0.52208119630813599        2.0700407231047433        1.6092856628849954        5.0417132859093785E-014   1.6092856632049903     
  0.52746993303298950        2.0889201542711131        1.6236571479917890        5.1692290785171753E-014   1.6236571483184483     
  0.53285872936248779        2.1073745794701675        1.6378353220117350        5.2984354066698414E-014   1.6378353223451088     
  0.53824746608734131        2.1256544641307848        1.6520287077289122        5.4295063579500097E-014   1.6520287080690701     
  0.54363626241683960        2.1434320513870597        1.6661459834895844        5.5624912673528462E-014   1.6661459838365937     
  0.54902499914169312        2.1611805718524399        1.6802220000875674        5.6971746810116337E-014   1.6802220004414854     
  0.55441379547119141        2.1788209172889057        1.6941960592351193        5.8335722470908089E-014   1.6941960595960013     
  0.55980253219604492        2.1964297368617425        1.7080978198843861        5.9717031743669419E-014   1.7080978202522896     
  0.56519132852554321        2.2142213437423943        1.7219413543738984        6.1115413588375069E-014   1.7219413547488795     
  0.57058006525039673        2.2321018253515645        1.7357455600061944        6.2532419026033886E-014   1.7357455603883174     
  0.57596886157989502        2.2499722840800978        1.7494592095788013        6.3969692823054109E-014   1.7494592099681343     
  0.58135759830474854        2.2678589842908465        1.7631153021752093        6.5424112423317509E-014   1.7631153025718085     
  0.58674639463424683        2.2857210778486352        1.7767577784384447        6.6895809485426203E-014   1.7767577788423685     
  0.59213513135910034        2.3033295366028814        1.7902326508802666        6.8385066492884640E-014   1.7902326512915649     
  0.59752392768859863        2.3208693890898746        1.8037066645461806        6.9891760226467657E-014   1.8037066649649129     
  0.60291266441345215        2.3382272486739337        1.8171766439086476        7.1415988558819640E-014   1.8171766443348740     
  0.60830146074295044        2.3552774534938141        1.8304850859040431        7.2961551906390960E-014   1.8304850863378288     
  0.61369019746780396        2.3722997770255811        1.8437850044809327        7.4525559978346087E-014   1.8437850049223405     
  0.61907899379730225        2.3891964808608215        1.8570147985132475        7.6106925036964818E-014   1.8570147989623305     
  0.62446773052215576        2.4060431154287154        1.8702020890891857        7.7705814529800310E-014   1.8702020895459999     
  0.62985646724700928        2.4228559296410488        1.8833246016941856        7.9322706920879771E-014   1.8833246021587864     
  0.68127381801605225        2.5809325995924097        2.0056741951217392        9.5684965301189490E-014   2.0056741956635409     
  0.73688852787017822        2.7446209060446374        2.1326878178857553        1.1532249925575208E-013   2.1326878185169238     
  0.79704326391220093        2.9141006397131859        2.2642552362518455        1.3886048635801666E-013   2.2642552369863145     
  0.86210858821868896        3.0895509260690130        2.4004610643478661        1.6707111387161641E-013   2.4004610652017155     
  0.93248546123504639        3.2707297578312904        2.5412485356953725        2.0089523537775294E-013   2.5412485366872013     
   1.0086073875427246        3.4579294248897630        2.6866796317161277        2.4139440903287758E-013   2.6866796328672122     
   1.0909434556961060        3.6508426106380445        2.8366091098043000        2.8990119517953394E-013   2.8366091111391980     
   1.1800009012222290        3.8496018801058196        2.9911778328320966        3.4801916534070532E-013   2.9911778343791955     
   1.2763283252716064        4.0542142494440352        3.1502459838512467        4.1754706519660773E-013   3.1502459856429206     
   1.3805193901062012        4.2645769613114748        3.3138535665147928        5.0080075740519638E-013   3.3138535685885437     
   1.4932159185409546        4.4806507041162851        3.4819504542013355        6.0049614117808980E-013   3.4819504566003627     
   1.6151121854782104        4.7024870178732483        3.6545691517276890        7.1967252306771946E-013   3.6545691545011616     
   1.7469592094421387        4.9300202252674676        3.8315721040299446        8.6238760222628639E-013   3.8315721072350537     
   1.8895695209503174        5.1631695902335419        4.0130350476720267        1.0331692063477578E-012   4.0130350513743061     
   1.9711295366287231        5.2910704901302141        4.1125709809890481        1.1385736707668737E-012   4.1125709849893823     
   2.4582746028900146        5.9858040848268272        4.6540731847664887        1.8897915048640726E-012   4.6540731907506814     
   3.0658125877380367        6.7240239812868747        5.2280237958997979        3.1326673361487357E-012   5.2280238048254475     
   3.8234977722167969        7.5048164418741647        5.8350840255617751        5.1884850924339218E-012   5.8350840388431466     
   4.7684373855590820        8.3270934962212646        6.4744036947918051        8.5832353344511510E-012   6.4744037145058746     
   5.9469089508056632        9.1897454212493646        7.1451187168738119        1.4174777025509154E-011   7.1451187460568661     
   7.4166288375854492        10.091761379958244        7.8464421925669470        2.3373577111475395E-011   7.8464422356617156     
   9.2495746612548828        11.031971084246077        8.5774620460478523        3.8504547504917376E-011   8.5774621095625374     
   11.535514831542971        12.009168885676571        9.3372413022995655        6.3293835816209424E-011   9.3372413956561768     
   14.386403083801270        13.022065650302986        10.124777924908130        1.0373963592358245E-010   10.124778061691748     
   17.941860198974609        14.069214289545144        10.938944680189449        1.6954741284842559E-010   10.938944879988734     
   22.376010894775387        15.149111426577273        11.778575104190283        2.7597425285849806E-010   11.778575394903770     
   27.906021118164059        16.259861422167241        12.642192830790520        4.4713731630165658E-010   12.642193252000778     
   34.802715301513665        17.399013561621512        13.527894419484221        7.2056011658381082E-010   13.527895026873058     
   43.403861999511719        18.563254315665304        14.433101687543573        1.1545066343120512E-009   14.433102559036740     
   54.130695343017578        19.747765811544703        15.354071578809497        1.8357540666159627E-009   15.354072821340926     
   67.508560180664062        20.945597615276849        16.285395654040514        2.8932063759206602E-009   16.285397412747589     
   84.192626953125000        22.146017302015942        17.218733622887388        4.5124945773176387E-009   17.218736091247354     
   104.99999237060543        23.333533809578324        18.142039226492983        6.9510149189472307E-009   18.142042656325216     
