   1.0497607945580963E-005   3.1663939435455557E-015   3.1663939435455557E-015   1.0700574638604138E-013   1.1017214032958694E-013
   1.1591339898586732E-005   4.6756130135445553E-015   4.6756130135445553E-015   1.4405786577891956E-013   1.4873347879246412E-013
   1.2799026990251152E-005   6.9041824179474443E-015   6.9041824179474443E-015   1.9393978862975606E-013   2.0084397104770350E-013
   1.4132539945421730E-005   1.0194965750887974E-014   1.0194965750887974E-014   2.6109389568876361E-013   2.7128886143965159E-013
   1.5604990039719259E-005   1.5054256581260887E-014   1.5054256581260887E-014   3.5150098038575007E-013   3.6655523696701097E-013
   1.7230853700311858E-005   2.2229666902367325E-014   2.2229666902367325E-014   4.7321275094502793E-013   4.9544241784739524E-013
   1.9026114387088472E-005   3.2825143435019196E-014   3.2825143435019196E-014   6.3706883998866210E-013   6.6989398342368127E-013
   2.1008419935242280E-005   4.8470804000125114E-014   4.8470804000125114E-014   8.5766210768734113E-013   9.0613291168746626E-013
   2.3197258997242881E-005   7.1573753815652166E-014   7.1573753815652166E-014   1.1546385879441806E-012   1.2262123417598328E-012
   2.5614152036723674E-005   1.0568843940026277E-013   1.0568843940026277E-013   1.5544472980239562E-012   1.6601357374242189E-012
   2.8282855055294934E-005   1.5606337374111267E-013   1.5606337374111267E-013   2.0926943260381049E-012   2.2487576997792176E-012
   3.1229610613081618E-005   2.3044894257171680E-013   2.3044894257171680E-013   2.8173172930416953E-012   3.0477662356134122E-012
   3.4483382478356355E-005   3.4028932441025604E-013   3.4028932441025604E-013   3.7928496806114610E-012   4.1331390050217171E-012
   3.8076159398769946E-005   5.0248358454758817E-013   5.0248358454758817E-013   5.1061722609009265E-012   5.6086558454485147E-012
   4.2043262510560433E-005   7.4198549845980654E-013   7.4198549845980654E-013   6.8742493545843797E-012   7.6162348530441859E-012
   4.6423694584518691E-005   1.0956428935596378E-012   1.0956428935596378E-012   9.2545467674922960E-012   1.0350189661051934E-011
   5.1260518375784186E-005   1.6178663574443341E-012   1.6178663574443341E-012   1.2459053031061202E-011   1.4076919388505536E-011
   5.6601285905344405E-005   2.3890008539554086E-012   2.3890008539554086E-012   1.6773162208077090E-011   1.9162163062032497E-011
   6.2498496845364544E-005   3.5276854059516873E-012   3.5276854059516873E-012   2.2581083149876102E-011   2.6108768555827790E-011
   6.9010129664093242E-005   5.2091082120507690E-012   5.2091082120507690E-012   3.0400069990092174E-011   3.5609178202142945E-011
   7.6200209150556434E-005   7.6919615070817480E-012   7.6919615070817480E-012   4.0926494123467149E-011   4.8618455630548901E-011
   8.4139406681060791E-005   1.1358230429134365E-011   1.1358230429134365E-011   5.5097816574623826E-011   6.6456047003758187E-011
   9.2905778728891164E-005   1.6771976738471551E-011   1.6771976738471551E-011   7.4176141251684576E-011   9.0948117990156130E-011
   1.0258550901198752E-004   2.4766113309430904E-011   2.4766113309430904E-011   9.9860574629898864E-011   1.2462668793932978E-010
   1.1327375977998591E-004   3.6570550059241277E-011   3.6570550059241277E-011   1.3443859196201542E-010   1.7100914202125670E-010
   1.2507560313679289E-004   5.4001409739125957E-011   5.4001409739125957E-011   1.8098968540271850E-010   2.3499109514184447E-010
   1.3810706150252369E-004   7.9740445853497331E-011   7.9740445853497331E-011   2.4365967602709927E-010   3.2340012188059663E-010
   1.5249625721480703E-004   1.1774766490658540E-010   1.1774766490658540E-010   3.2802996406177169E-010   4.4577762896835706E-010
   1.6838463488966221E-004   1.7387047822577563E-010   1.7387047822577563E-010   4.4161451656268686E-010   6.1548499478846246E-010
   1.8592840933706603E-004   2.5674350769115146E-010   2.5674350769115146E-010   5.9452918422095355E-010   8.5127269191210500E-010
   2.0530004985630496E-004   3.7911687744855291E-010   3.7911687744855291E-010   8.0039254638517745E-010   1.1795094238337304E-009
   2.2668998281005773E-004   5.5981774885554448E-010   5.5981774885554448E-010   1.0775386574754928E-009   1.6373564063310372E-009
   2.5030851247720415E-004   8.2664733061703965E-010   8.2664733061703965E-010   1.4506501376477859E-009   2.2772974682648254E-009
   2.7638784376904352E-004   1.2206579515262911E-009   1.2206579515262911E-009   1.9529564004124458E-009   3.1736143519387371E-009
   3.0518430867232361E-004   1.8024676594459761E-009   1.8024676594459761E-009   2.6291919241628335E-009   4.4316595836088093E-009
   3.3698105835355824E-004   2.6615895646554083E-009   2.6615895646554083E-009   3.5395827322740004E-009   6.2011722969294087E-009
   3.7209066795185214E-004   3.9302002834038267E-009   3.9302002834038267E-009   4.7652077667714774E-009   8.6954080501753040E-009
   4.1085830889642222E-004   5.8034775941609064E-009   5.8034775941609064E-009   6.4152205700069040E-009   1.2218698164167811E-008
   4.5366509584710002E-004   8.5696271488151029E-009   8.5696271488151029E-009   8.6365698205376721E-009   1.7206196969352775E-008
   5.0093187019228914E-004   1.2654225143744793E-008   1.2654225143744793E-008   1.1627088965022650E-008   2.4281314108767443E-008
   5.5312330368906249E-004   1.8685691478915413E-008   1.8685691478915413E-008   1.5653110345638603E-008   3.4338801824554016E-008
   6.1075249686837186E-004   2.7591975672057125E-008   2.7591975672057125E-008   2.1073188817678415E-008   4.8665164489735543E-008
   6.7438598489388834E-004   4.0743317103544029E-008   4.0743317103544029E-008   2.8370027019884734E-008   6.9113344123428763E-008
   7.4464938370510947E-004   6.0163074437298346E-008   6.0163074437298346E-008   3.8193480293031039E-008   9.8356554730329392E-008
   8.2223338540643454E-004   8.8838978517654688E-008   8.8838978517654688E-008   5.1418398995120755E-008   1.4025737751277546E-007
   9.0790080139413443E-004   1.3118288341652709E-007   1.3118288341652709E-007   6.9222581458524292E-008   2.0040546487505138E-007
   1.0024937801063061E-003   1.9370943167071582E-007   1.9370943167071582E-007   9.3191633527984181E-008   2.8690106519870001E-007
   1.1069423053413627E-003   2.8597592264983240E-007   2.8597592264983240E-007   1.2546016809655301E-007   4.1143609074638541E-007
   1.2222731020301583E-003   4.2195134428645156E-007   4.2195134428645156E-007   1.6890191701870080E-007   5.9085326130515240E-007
   1.3496201718226077E-003   6.2217228668753823E-007   6.2217228668753823E-007   2.2738569072351409E-007   8.4955797741105229E-007
   1.4902353286743162E-003   9.1672313663377082E-007   9.1672313663377082E-007   3.0611973523397812E-007   1.2228428718677490E-006
   1.6455008881166577E-003   1.3495899124673748E-006   1.3495899124673748E-006   4.1211562273947688E-007   1.7617055352068517E-006
   1.8169435206800699E-003   1.9849510902938428E-006   1.9849510902938428E-006   5.5481282742584106E-007   2.5397639177196838E-006
   2.0062483381479974E-003   2.9163233376076976E-006   2.9163233376076976E-006   7.4691860176736995E-007   3.6632419393750676E-006
   2.2152769379317752E-003   4.2795214215816846E-006   4.2795214215816846E-006   1.0055404612216417E-006   5.2850618828033261E-006
   2.4460835848003626E-003   6.2714993350305777E-006   6.2714993350305777E-006   1.3537075249633279E-006   7.6252068599939058E-006
   2.7009379118680945E-003   9.1769721345771406E-006   9.1769721345771406E-006   1.8224232876251016E-006   1.0999395422202242E-005
   2.9823449440300460E-003   1.3406060892270862E-005   1.3406060892270862E-005   2.4534227037120387E-006   1.5859483595982902E-005
   3.2930714078247538E-003   1.9548506507712488E-005   1.9548506507712488E-005   3.3028892185665802E-006   2.2851395726279069E-005
   3.6361722741276017E-003   2.8447484375687245E-005   2.8447484375687245E-005   4.4464554237151451E-006   3.2893939799402388E-005
   4.0150200948119172E-003   4.1306155053201758E-005   4.1306155053201758E-005   5.9859301657800722E-006   4.7292085218981828E-005
   4.4333399273455134E-003   5.9832209597835086E-005   5.9832209597835086E-005   8.0583611340317396E-006   6.7890570731866826E-005
   4.8952437937259674E-003   8.6435729918857380E-005   8.6435729918857380E-005   1.0848221036539177E-005   9.7283950955396551E-005
   5.4052728228271025E-003   1.2450901875134422E-004   1.2450901875134422E-004   1.4603816346386239E-005   1.3911283509773046E-004
   5.9684407897293550E-003   1.7878001946197591E-004   1.7878001946197591E-004   1.9659358703329541E-005   1.9843937816530546E-004
   6.5902848728001144E-003   2.5582411470116175E-004   2.5582411470116175E-004   2.6464670433600965E-005   2.8228878513476271E-004
   7.2769178077578519E-003   3.6466159124862017E-004   3.6466159124862017E-004   3.5625123925719220E-005   4.0028671517433937E-004
   8.0350907519459707E-003   5.1758764139259335E-004   5.1758764139259335E-004   4.7955412454617251E-005   5.6554305384721060E-004
   8.8722556829452532E-003   7.3129794740179439E-004   7.3129794740179439E-004   6.4551760771077590E-005   7.9584970817287196E-004
   9.7966445609927195E-003   1.0279715192809482E-003   1.0279715192809482E-003   8.6889166669722783E-005   1.1148606859506711E-003
   1.0817344300448895E-002   1.4368716743860389E-003   1.4368716743860389E-003   1.1695190300351749E-004   1.5538235773895565E-003
   1.1944388970732692E-002   1.9958903480057264E-003   1.9958903480057264E-003   1.5740901425644182E-004   2.1532993622621682E-003
   1.3188858516514300E-002   2.7529074376928882E-003   2.7529074376928882E-003   2.1184989795932472E-004   2.9647573356522128E-003
   1.4562988653779026E-002   3.7676815034105734E-003   3.7676815034105734E-003   2.8510069212314253E-004   4.0527821955337155E-003
   1.6080286353826523E-002   5.1112356554606142E-003   5.1112356554606142E-003   3.8364823321885742E-004   5.4948838886794719E-003
   1.7755670472979553E-002   6.8663894200754272E-003   6.8663894200754272E-003   5.1620889392070101E-004   7.3825983139961283E-003
   1.9605610519647595E-002   9.1245112815233551E-003   9.1245112815233551E-003   6.9448953657249494E-004   9.8190008180958493E-003
   2.1648293361067772E-002   1.1978853855397870E-002   1.1978853855397870E-002   9.3420573144071075E-004   1.2913059586838581E-002
   2.3903800174593925E-002   1.5523375154639002E-002   1.5523375154639002E-002   1.2564406677455385E-003   1.6779815822384539E-002
   2.6394305750727654E-002   1.9838900367253946E-002   1.9838900367253946E-002   1.6894576392495263E-003   2.1528358006503472E-002
   2.9144294559955593E-002   2.5003044920263104E-002   2.5003044920263104E-002   2.2711084243867701E-003   2.7274153344649874E-002
   3.2180801033973701E-002   3.1102281985975068E-002   3.1102281985975068E-002   3.0520283673074770E-003   3.4154310353282542E-002
   3.5533674061298370E-002   3.8270836203364869E-002   3.8270836203364869E-002   4.0998583861901420E-003   4.2370694589555009E-002
   3.9235882461071007E-002   4.6786015863420731E-002   4.6786015863420731E-002   5.5048036219471292E-003   5.2290819485367859E-002
   4.3323814868927002E-002   5.7163993641080220E-002   5.7163993641080220E-002   7.3868983176860097E-003   6.4550891958766232E-002
   4.7656197100877769E-002   6.9677964998447819E-002   6.9677964998447819E-002   9.7948016258650600E-003   7.9472766624312879E-002
   5.1988579332828529E-002   8.4333848280652088E-002   8.4333848280652088E-002   1.2663740433393744E-002   9.6997588714045832E-002
   5.6320961564779275E-002  0.10124271880392625       0.10124271880392625        1.6028570077770036E-002  0.11727128888169629     
   6.0653343796730055E-002  0.12026785907003010       0.12026785907003010        1.9922400501864616E-002  0.14019025957189471     
   6.4985722303390517E-002  0.14096081090549048       0.14096081090549048        2.4376478891970980E-002  0.16533728979746146     
   6.9318108260631561E-002  0.16242200039482599       0.16242200039482599        2.9420127926396270E-002  0.19184212832122227     
   7.3650486767292023E-002  0.18330287068980808       0.18330287068980808        3.5080595072145025E-002  0.21838346576195311     
   7.7982872724533067E-002  0.20244311329644990       0.20244311329644990        4.1383043663880535E-002  0.24382615696033044     
   8.2315251231193529E-002  0.21935023086559180       0.21935023086559180        4.8350401017903798E-002  0.26770063188349558     
   8.6647629737854004E-002  0.23418642747386315       0.23418642747386315        5.6003392321206137E-002  0.29018981979506930     
   9.0980015695095062E-002  0.24759020989242092       0.24759020989242092        6.4360419138768166E-002  0.31195062903118909     
   9.6368782222270966E-002  0.26394235649136738       0.26394235649136738        7.5761633936315118E-002  0.33970399042768251     
  0.10175754129886626       0.28229861817622254       0.28229861817622254        8.8302488114571365E-002  0.37060110629079390     
  0.10714630782604216       0.30520348194496050       0.30520348194496050       0.10200304461156529       0.40720652655652578     
  0.11253507435321806       0.33384126238363576       0.33384126238363576       0.11687755720055895       0.45071881958419469     
  0.11792384088039397       0.36765375604908113       0.36765375604908113       0.13293456411457952       0.50058832016366062     
  0.12331259995698926       0.40428898189778728       0.40428898189778728       0.15017686679000164       0.55446584868778892     
  0.12870137393474582       0.44039357515118643       0.44039357515118643       0.16860176972926860       0.60899534488045504     
  0.13409014046192172       0.47277686584344186       0.47277686584344186       0.18820095508245777       0.66097782092589963     
  0.13947889208793640       0.49946249728803044       0.49946249728803044       0.20896082021299864       0.70842331750102905     
  0.14486765861511230       0.51977125827024728       0.51977125827024728       0.23086271526780466       0.75063397353805195     
  0.15025642514228821       0.53504742173672915       0.53504742173672915       0.25388294859127064       0.78893037032799973     
  0.15564519166946411       0.54824729931227267       0.54824729931227267       0.27799310115990244       0.82624040047217506     
  0.16103395819664001       0.56327204718629709       0.56327204718629709       0.30316037303136861       0.86643242021766564     
  0.16642272472381592       0.58285640989217535       0.58285640989217535       0.32934770335198271       0.91220411324415807     
  0.17181149125099179       0.60980881907460682       0.60980881907460682       0.35651426311445128       0.96632308218905805     
  0.17720025777816775       0.64241304427115864       0.64241304427115864       0.38461555594981173        1.0270286002209703     
  0.18258900940418243       0.67928968744861096       0.67928968744861096       0.41360378982166041        1.0928934772702714     
  0.18797777593135831       0.71754312652400976       0.71754312652400976       0.44342853833022877        1.1609716648542385     
  0.19336654245853424       0.75375906019309291       0.75375906019309291       0.47403650357067817        1.2277955637637712     
  0.19875530898571014       0.78502028592405537       0.78502028592405537       0.50537228159658987        1.2903925675206454     
  0.20414407551288605       0.80934766712763506       0.80934766712763506       0.53737857010653123        1.3467262372341664     
  0.20953284204006195       0.82734553077016459       0.82734553077016459       0.56999649055202029        1.3973420213221850     
  0.21492160856723788       0.84173089821017844       0.84173089821017844       0.60316599194204190        1.4448968901522203     
  0.22031037509441379       0.85532341268997292       0.85532341268997292       0.63682617566752719        1.4921495883575000     
  0.22569914162158966       0.87101069960264632       0.87101069960264632       0.67091560057963340        1.5419263001822796     
  0.23108789324760434       0.89105126912427779       0.89105126912427779       0.70537248626955595        1.5964237553938339     
  0.23647665977478027       0.91645225769156324       0.91645225769156324       0.74013539760897240        1.6565876553005356     
  0.24186542630195618       0.94677878963814932       0.94677878963814932       0.77514310854930946        1.7219218981874587     
  0.24725419282913208       0.98034438973966342       0.98034438973966342       0.81033500741811149        1.7906793971577750     
  0.25264295935630798        1.0145890298467031        1.0145890298467031       0.84565148725474770        1.8602405171014507     
  0.25803172588348389        1.0467727777205489        1.0467727777205489       0.88103415018169462        1.9278069279022434     
  0.26342049241065979        1.0749034418314152        1.0749034418314152       0.91642578823400200        1.9913292300654173     
  0.26880925893783575        1.0983066306660305        1.0983066306660305       0.95177109254340153        2.0500777232094318     
  0.27419802546501160        1.1175289003887776        1.1175289003887776       0.98701613952885325        2.1045450399176309     
  0.27958679199218750        1.1338481706679551        1.1338481706679551        1.0221094830766426        2.1559576537445979     
  0.28497555851936335        1.1491297116042511        1.1491297116042511        1.0570012220199148        2.2061309336241659     
  0.29036432504653931        1.1659862789943718        1.1659862789943718        1.0916441229038392        2.2576304018982110     
  0.29575309157371527        1.1857952980535698        1.1857952980535698        1.1259930886162099        2.3117883866697797     
  0.30114182829856878        1.2089257564702796        1.2089257564702796        1.1600052066487803        2.3689309631190598     
  0.30653059482574463        1.2351547437414043        1.2351547437414043        1.1936406276395066        2.4287953713809110     
  0.31191936135292053        1.2638212637930275        1.2638212637930275        1.2268618643375633        2.4906831281305908     
  0.31730812788009644        1.2927227598200699        1.2927227598200699        1.2596333650214127        2.5523561248414826     
  0.32269689440727234        1.3204665643309015        1.3204665643309015        1.2919229801853731        2.6123895445162746     
  0.32808566093444824        1.3464101295884126        1.3464101295884126        1.3237010129030904        2.6701111424915029     
  0.33347442746162415        1.3690274956531248        1.3690274956531248        1.3549393705415003        2.7239668661946252     
  0.33886319398880005        1.3885954860811112        1.3885954860811112        1.3856135751287870        2.7742090612098984     
  0.34425196051597590        1.4067668355348699        1.4067668355348699        1.4157020356257723        2.8224688711606420     
  0.34964072704315191        1.4239372003151645        1.4239372003151645        1.4451837093184567        2.8691209096336214     
  0.35502949357032781        1.4420353881216854        1.4420353881216854        1.4740408419342235        2.9160762300559089     
  0.36041826009750366        1.4613412213980428        1.4613412213980428        1.5022592688263881        2.9636004902244308     
  0.36580702662467957        1.4820261036176436        1.4820261036176436        1.5298262737295336        3.0118523773471773     
  0.37119579315185547        1.5053200583193631        1.5053200583193631        1.5567283287592535        3.0620483870786166     
  0.37658455967903137        1.5293116331819052        1.5293116331819052        1.5829576109998287        3.1122692441817339     
  0.38197332620620728        1.5541355601555460        1.5541355601555460        1.6085092768963776        3.1626448370519236     
  0.38736209273338318        1.5781312182450280        1.5781312182450280        1.6333767836149098        3.2115080018599378     
  0.39275082945823669        1.6014611795467015        1.6014611795467015        1.6575529809713483        3.2590141605180500     
  0.39813959598541260        1.6227483121000947        1.6227483121000947        1.6810392783841337        3.3037875904842284     
  0.40352836251258850        1.6428089484134341        1.6428089484134341        1.7038380461476681        3.3466469945611022     
  0.40891712903976440        1.6617980073751835        1.6617980073751835        1.7259478115035256        3.3877458188787091     
  0.41430589556694031        1.6800450753779654        1.6800450753779654        1.7473655894273006        3.4274106648052660     
  0.41969466209411621        1.6982205395928820        1.6982205395928820        1.7680992334999421        3.4663197730928239     
  0.42508342862129211        1.7171444777437443        1.7171444777437443        1.7881580206795769        3.5053024984233212     
  0.43047219514846802        1.7366313941130465        1.7366313941130465        1.8075465902491457        3.5441779843621921     
  0.43586096167564392        1.7572543154610030        1.7572543154610030        1.8262607458159139        3.5835150612769171     
  0.44124972820281982        1.7783457148013966        1.7783457148013966        1.8443133428491634        3.6226590576505600     
  0.44663849472999573        1.7998638518417278        1.7998638518417278        1.8617182799862488        3.6615821318279766     
  0.45202726125717163        1.8211289057685944        1.8211289057685944        1.8784893464677328        3.6996182522363270     
  0.45741602778434753        1.8422665325831018        1.8422665325831018        1.8946204067847265        3.7368869393678281     
  0.46280479431152344        1.8623012067440134        1.8623012067440134        1.9101214784535874        3.7724226851976006     
  0.46819356083869934        1.8820029065863897        1.8820029065863897        1.9250107616140968        3.8070136682004865     
  0.47358232736587524        1.9005969546005357        1.9005969546005357        1.9393070541277291        3.8399040087282650     
  0.47897109389305115        1.9189507765263312        1.9189507765263312        1.9530205688088902        3.8719713453352211     
  0.48435983061790466        1.9371989572447945        1.9371989572447945        1.9661418173281526        3.9033407745729471     
  0.48974859714508057        1.9554033069967063        1.9554033069967063        1.9786896148392656        3.9340929218359717     
  0.49513736367225647        1.9740790563789155        1.9740790563789155        1.9906853278135952        3.9647643841925104     
  0.50052613019943237        1.9928341471091802        1.9928341471091802        2.0021504153709802        3.9949845624801603     
  0.50591492652893066        2.0120876098776392        2.0120876098776392        2.0130925906528381        4.0251802005304773     
  0.51130366325378418        2.0314938784355578        2.0314938784355578        2.0234990808634694        4.0549929592990273     
  0.51669245958328247        2.0508009501049860        2.0508009501049860        2.0333914699661801        4.0841924200711661     
  0.52208119630813599        2.0700407231047433        2.0700407231047433        2.0427932210398199        4.1128339441445636     
  0.52746993303298950        2.0889201542711131        2.0889201542711131        2.0517271588248582        4.1406473130959718     
  0.53285872936248779        2.1073745794701675        2.1073745794701675        2.0602071667794277        4.1675817462495957     
  0.53824746608734131        2.1256544641307848        2.1256544641307848        2.0682113262154971        4.1938657903462815     
  0.54363626241683960        2.1434320513870597        2.1434320513870597        2.0757579431331918        4.2191899945202511     
  0.54902499914169312        2.1611805718524399        2.1611805718524399        2.0828711209321380        4.2440516927845779     
  0.55441379547119141        2.1788209172889057        2.1788209172889057        2.0895752245539532        4.2683961418428584     
  0.55980253219604492        2.1964297368617425        2.1964297368617425        2.0958929284809518        4.2923226653426942     
  0.56519132852554321        2.2142213437423943        2.2142213437423943        2.1018077385359191        4.3160290822783134     
  0.57058006525039673        2.2321018253515645        2.2321018253515645        2.1073150402946004        4.3394168656461645     
  0.57596886157989502        2.2499722840800978        2.2499722840800978        2.1124391233812898        4.3624114074613871     
  0.58135759830474854        2.2678589842908465        2.2678589842908465        2.1172036564540289        4.3850626407448754     
  0.58674639463424683        2.2857210778486352        2.2857210778486352        2.1216324637091382        4.4073535415577734     
  0.59213513135910034        2.3033295366028814        2.3033295366028814        2.1257450841700232        4.4290746207729050     
  0.59752392768859863        2.3208693890898746        2.3208693890898746        2.1295095295930588        4.4503789186829330     
  0.60291266441345215        2.3382272486739337        2.3382272486739337        2.1329317013189759        4.4711589499929101     
  0.60830146074295044        2.3552774534938141        2.3552774534938141        2.1360348051820486        4.4913122586758627     
  0.61369019746780396        2.3722997770255811        2.3722997770255811        2.1388423020560934        4.5111420790816741     
  0.61907899379730225        2.3891964808608215        2.3891964808608215        2.1413763376517032        4.5305728185125247     
  0.62446773052215576        2.4060431154287154        2.4060431154287154        2.1436573035738418        4.5497004190025567     
  0.62985646724700928        2.4228559296410488        2.4228559296410488        2.1456529578751917        4.5685088875162405     
  0.68127381801605225        2.5809325995924097        2.5809325995924097        2.1524833064894469        4.7334159060818566     
  0.73688852787017822        2.7446209060446374        2.7446209060446374        2.1408808371100134        4.8855017431546504     
  0.79704326391220093        2.9141006397131859        2.9141006397131859        2.1134195671629286        5.0275202068761145     
  0.86210858821868896        3.0895509260690130        3.0895509260690130        2.0732365722892077        5.1627874983582203     
  0.93248546123504639        3.2707297578312904        3.2707297578312904        2.0233357468989044        5.2940655047301952     
   1.0086073875427246        3.4579294248897630        3.4579294248897630        1.9663676430136008        5.4242970679033640     
   1.0909434556961060        3.6508426106380445        3.6508426106380445        1.9047251770941540        5.5555677877321985     
   1.1800009012222290        3.8496018801058196        3.8496018801058196        1.8400828367922708        5.6896847168980909     
   1.2763283252716064        4.0542142494440352        4.0542142494440352        1.7737230838095015        5.8279373332535371     
   1.3805193901062012        4.2645769613114748        4.2645769613114748        1.7068408030537028        5.9714177643651780     
   1.4932159185409546        4.4806507041162851        4.4806507041162851        1.6397008850983945        6.1203515892146800     
   1.6151121854782104        4.7024870178732483        4.7024870178732483        1.5735403490922864        6.2760273669655344     
   1.7469592094421387        4.9300202252674676        4.9300202252674676        1.5080371168068925        6.4380573420743605     
   1.8895695209503174        5.1631695902335419        5.1631695902335419        1.4441092013210632        6.6072787915546050     
   1.9711295366287231        5.2910704901302141        5.2910704901302141        1.4099948894698644        6.7010653796000783     
   2.4582746028900146        5.9858040848268272        5.9858040848268272        1.2415548247616617        7.2273589095884887     
   3.0658125877380367        6.7240239812868747        6.7240239812868747        1.0888248249088091        7.8128488061956833     
   3.8234977722167969        7.5048164418741647        7.5048164418741647       0.95243981995951765        8.4572562618336828     
   4.7684373855590820        8.3270934962212646        8.3270934962212646       0.83222468047134723        9.1593181766926115     
   5.9469089508056632        9.1897454212493646        9.1897454212493646       0.72702284288065566        9.9167682641300203     
   7.4166288375854492        10.091761379958244        10.091761379958244       0.63446225811576196        10.726223638074007     
   9.2495746612548828        11.031971084246077        11.031971084246077       0.55146317627537733        11.583434260521454     
   11.535514831542971        12.009168885676571        12.009168885676571       0.47635990955718011        12.485528795233751     
   14.386403083801270        13.022065650302986        13.022065650302986       0.41025937573925009        13.432325026042236     
   17.941860198974609        14.069214289545144        14.069214289545144       0.35384480540649044        14.423059094951634     
   22.376010894775387        15.149111426577273        15.149111426577273       0.30366167945570915        15.452773106032982     
   27.906021118164059        16.259861422167241        16.259861422167241       0.25843730080895627        16.518298722976198     
   34.802715301513665        17.399013561621512        17.399013561621512       0.22262731813299189        17.621640879754505     
   43.403861999511719        18.563254315665304        18.563254315665304       0.19344558574203247        18.756699901407337     
   54.130695343017578        19.747765811544703        19.747765811544703       0.16828168707336977        19.916047498618074     
   67.508560180664062        20.945597615276849        20.945597615276849       0.14677592727716907        21.092373542554018     
   84.192626953125000        22.146017302015942        22.146017302015942       0.12814235344540198        22.274159655461343     
   104.99999237060543        23.333533809578324        23.333533809578324       0.11220340222596957        23.445737211804293     
