   1.0497607945580963E-005   3.1663939435455557E-015   3.1663940217688279E-015   5.6505524065180910E-029   3.1663940221866493E-015
   1.1591339898586732E-005   4.6756130135445553E-015   4.6756129749811728E-015   1.1308212229459605E-028   4.6756129757511192E-015
   1.2799026990251152E-005   6.9041824179474443E-015   6.9041824936961980E-015   2.2630656230255690E-028   6.9041824951150298E-015
   1.4132539945421730E-005   1.0194965750887974E-014   1.0194965633087206E-014   4.5289759544824481E-028   1.0194965635701779E-014
   1.5604990039719259E-005   1.5054256581260887E-014   1.5054257279119508E-014   9.0636459791759906E-028   1.5054257283937549E-014
   1.7230853700311858E-005   2.2229666902367325E-014   2.2229666498702962E-014   1.8138694595758345E-027   2.2229666507581481E-014
   1.9026114387088472E-005   3.2825143435019196E-014   3.2825142343366263E-014   3.6300214172152345E-027   3.2825142359727289E-014
   2.1008419935242280E-005   4.8470804000125114E-014   4.8470803108122097E-014   7.2646081331663618E-027   4.8470803138271610E-014
   2.3197258997242881E-005   7.1573753815652166E-014   7.1573755492591789E-014   1.4538351446211083E-026   7.1573755548150240E-014
   2.5614152036723674E-005   1.0568843940026277E-013   1.0568844112236627E-013   2.9094998852145856E-026   1.0568844122474742E-013
   2.8282855055294934E-005   1.5606337374111267E-013   1.5606336751714066E-013   5.8226568750912181E-026   1.5606336770580493E-013
   3.1229610613081618E-005   2.3044894257171680E-013   2.3044893357651816E-013   1.1652643182928345E-025   2.3044893392418206E-013
   3.4483382478356355E-005   3.4028932441025604E-013   3.4028932013251846E-013   2.3319942641913660E-025   3.4028932077318111E-013
   3.8076159398769946E-005   5.0248358454758817E-013   5.0248357986564917E-013   4.6669206521662985E-025   5.0248358104623906E-013
   4.2043262510560433E-005   7.4198549845980654E-013   7.4198552023029473E-013   9.3397076745849272E-025   7.4198552240584295E-013
   4.6423694584518691E-005   1.0956428935596378E-012   1.0956428904468366E-012   1.8691162796331945E-024   1.0956428944558585E-012
   5.1260518375784186E-005   1.6178663574443341E-012   1.6178663222846974E-012   3.7405836675115259E-024   1.6178663296723799E-012
   5.6601285905344405E-005   2.3890008539554086E-012   2.3890008886950830E-012   7.4858738212384002E-024   2.3890009023088426E-012
   6.2498496845364544E-005   3.5276854059516873E-012   3.5276853038030335E-012   1.4981157745901951E-023   3.5276853288899727E-012
   6.9010129664093242E-005   5.2091082120507690E-012   5.2091083153149619E-012   2.9981149171035318E-023   5.2091083615442615E-012
   7.6200209150556434E-005   7.6919615070817480E-012   7.6919616451015281E-012   6.0000036555777123E-023   7.6919617302912584E-012
   8.4139406681060791E-005   1.1358230429134365E-011   1.1358230317025979E-011   1.2007551055941109E-022   1.1358230474010524E-011
   9.2905778728891164E-005   1.6771976738471551E-011   1.6771976146541496E-011   2.4030199413917905E-022   1.6771976435826922E-011
   1.0258550901198752E-004   2.4766113309430904E-011   2.4766112727692153E-011   4.8090617917827105E-022   2.4766113260776912E-011
   1.1327375977998591E-004   3.6570550059241277E-011   3.6570548586501423E-011   9.6241724990999469E-022   3.6570549568850908E-011
   1.2507560313679289E-004   5.4001409739125957E-011   5.4001410812991577E-011   1.9260447895608626E-021   5.4001412623229819E-011
   1.3810706150252369E-004   7.9740445853497331E-011   7.9740443084387407E-011   3.8545110054072606E-021   7.9740446420228624E-011
   1.5249625721480703E-004   1.1774766490658540E-010   1.1774765819795048E-010   7.7138696687739933E-021   1.1774766434511878E-010
   1.6838463488966221E-004   1.7387047822577563E-010   1.7387047230616625E-010   1.5437432900663987E-020   1.7387048363394222E-010
   1.8592840933706603E-004   2.5674350769115146E-010   2.5674351285286979E-010   3.0894278040100038E-020   2.5674353372728695E-010
   2.0530004985630496E-004   3.7911687744855291E-010   3.7911687191604973E-010   6.1827398636858007E-020   3.7911691038266985E-010
   2.2668998281005773E-004   5.5981774885554448E-010   5.5981773818578653E-010   1.2373247872759410E-019   5.5981780907065545E-010
   2.5030851247720415E-004   8.2664733061703965E-010   8.2664728750050168E-010   2.4762045195693210E-019   8.2664741812454096E-010
   2.7638784376904352E-004   1.2206579515262911E-009   1.2206578715339477E-009   4.9555226478505227E-019   1.2206581122432221E-009
   3.0518430867232361E-004   1.8024676594459761E-009   1.8024675480151654E-009   9.9172653797039473E-019   1.8024679915851275E-009
   3.3698105835355824E-004   2.6615895646554083E-009   2.6615894751553982E-009   1.9846985359283705E-018   2.6615902925496357E-009
   3.7209066795185214E-004   3.9302002834038267E-009   3.9301998906862171E-009   3.9718886106609000E-018   3.9302013969496325E-009
   4.1085830889642222E-004   5.8034775941609064E-009   5.8034771605195824E-009   7.9487619430364208E-018   5.8034799362050062E-009
   4.5366509584710002E-004   8.5696271488151029E-009   8.5696257324606333E-009   1.5907493577346837E-017   8.5696308473874764E-009
   5.0093187019228914E-004   1.2654225143744793E-008   1.2654223159820016E-008   3.1834930952251043E-017   1.2654232585410030E-008
   5.5312330368906249E-004   1.8685691478915413E-008   1.8685687175141792E-008   6.3709737235301004E-017   1.8685704544247879E-008
   6.1075249686837186E-004   2.7591975672057125E-008   2.7591967011560914E-008   1.2749921162361502E-016   2.7591999018654252E-008
   6.7438598489388834E-004   4.0743317103544029E-008   4.0743300772982216E-008   2.5515776740836646E-016   4.0743359754332684E-008
   7.4464938370510947E-004   6.0163074437298346E-008   6.0163044157313177E-008   5.1063409754797086E-016   6.0163152845665018E-008
   8.2223338540643454E-004   8.8838978517654688E-008   8.8838921143470133E-008   1.0219042063056213E-015   8.8839121429564932E-008
   9.0790080139413443E-004   1.3118288341652709E-007   1.3118277029170153E-007   2.0450793048521310E-015   1.3118313936983599E-007
   1.0024937801063061E-003   1.9370943167071582E-007   1.9370919724329045E-007   4.0926955277498583E-015   1.9370987736294111E-007
   1.1069423053413627E-003   2.8597592264983240E-007   2.8597546819967319E-007   8.1904530536694684E-015   2.8597672141588147E-007
   1.2222731020301583E-003   4.2195134428645156E-007   4.2195046710586757E-007   1.6390991814686266E-014   4.2195277597390937E-007
   1.3496201718226077E-003   6.2217228668753823E-007   6.2217059836687095E-007   3.2802092971756064E-014   6.2217485135583810E-007
   1.4902353286743162E-003   9.1672313663377082E-007   9.1671979642765451E-007   6.5644192822178478E-014   9.1672762894184579E-007
   1.6455008881166577E-003   1.3495899124673748E-006   1.3495833400015779E-006   1.3136782821025500E-013   1.3495977614160437E-006
   1.8169435206800699E-003   1.9849510902938428E-006   1.9849383104882146E-006   2.6289346006498236E-013   1.9849648565617743E-006
   2.0062483381479974E-003   2.9163233376076976E-006   2.9162986020503313E-006   5.2609907377040513E-013   2.9163474521101466E-006
   2.2152769379317752E-003   4.2795214215816846E-006   4.2794730767475240E-006   1.0528159369273762E-012   4.2795629405823744E-006
   2.4460835848003626E-003   6.2714993350305777E-006   6.2714055304375613E-006   2.1068458409384150E-012   6.2715707810513709E-006
   2.7009379118680945E-003   9.1769721345771406E-006   9.1767903636866750E-006   4.2160758765507447E-012   9.1770941175853027E-006
   2.9823449440300460E-003   1.3406060892270862E-005   1.3405708087379075E-005   8.4367979000329404E-012   1.3406266170328828E-005
   3.2930714078247538E-003   1.9548506507712488E-005   1.9547823679178162E-005   1.6882603838291927E-011   1.9548848518710278E-005
   3.6361722741276017E-003   2.8447484375687245E-005   2.8446166948109127E-005   3.3782526785092380E-011   2.8448047852856442E-005
   4.0150200948119172E-003   4.1306155053201758E-005   4.1303616052841987E-005   6.7597918026180400E-011   4.1307065970610704E-005
   4.4333399273455134E-003   5.9832209597835086E-005   5.9827336647846347E-005   1.3525733243670258E-010   5.9833660115116507E-005
   4.8952437937259674E-003   8.6435729918857380E-005   8.6426388583414200E-005   2.7062690317188389E-010   8.6437970311675666E-005
   5.4052728228271025E-003   1.2450901875134422E-004   1.2449118278305595E-004   5.4145180494882647E-010   1.2451237790594971E-004
   5.9684407897293550E-003   1.7878001946197591E-004   1.7874604093158237E-004   1.0832333546797233E-009   1.7878479357004738E-004
   6.5902848728001144E-003   2.5582411470116175E-004   2.5575966239171471E-004   2.1669632150904796E-009   2.5583044651681362E-004
   7.2769178077578519E-003   3.6466159124862017E-004   3.6453976105545860E-004   4.3345072638229810E-009   3.6466890816220566E-004
   8.0350907519459707E-003   5.1758764139259335E-004   5.1735838584393600E-004   8.6691484984033288E-009   5.1759372317722807E-004
   8.8722556829452532E-003   7.3129794740179439E-004   7.3086858013314180E-004   1.7335944742885018E-008   7.3129684107577780E-004
   9.7966445609927195E-003   1.0279715192809482E-003   1.0271716516267366E-003   3.4660582616736912E-008   1.0279497941918169E-003
   1.0817344300448895E-002   1.4368716743860389E-003   1.4353915144976190E-003   6.9281627740169413E-008   1.4368029584771048E-003
   1.1944388970732692E-002   1.9958903480057264E-003   1.9931710122652242E-003   1.3844058733945301E-007   1.9957262155987296E-003
   1.3188858516514300E-002   2.7529074376928882E-003   2.7479494538036157E-003   2.7652283512494128E-007   2.7525649617969440E-003
   1.4562988653779026E-002   3.7676815034105734E-003   3.7587130573997780E-003   5.5203400466071489E-007   3.7670291630235012E-003
   1.6080286353826523E-002   5.1112356554606142E-003   5.0951470649002123E-003   1.1012664952629210E-006   5.1100868693332146E-003
   1.7755670472979553E-002   6.8663894200754272E-003   6.8377796265501715E-003   2.1948664079509598E-006   6.8645283211638385E-003
   1.9605610519647595E-002   9.1245112815233551E-003   9.0741262040072677E-003   4.3688779975877785E-006   9.1218304239872282E-003
   2.1648293361067772E-002   1.1978853855397870E-002   1.1891214029277175E-002   8.6811913985537651E-006   1.1975899528581137E-002
   2.3903800174593925E-002   1.5523375154639002E-002   1.5373278729179932E-002   1.7209113507085042E-005   1.5522818863899156E-002
   2.6394305750727654E-002   1.9838900367253946E-002   1.9586988662892716E-002   3.4003052072147510E-005   1.9849418683909662E-002
   2.9144294559955593E-002   2.5003044920263104E-002   2.4590122902397617E-002   6.6882395924161512E-005   2.5047407265469848E-002
   3.2180801033973701E-002   3.1102281985975068E-002   3.0442420331681191E-002   1.3073128350390878E-004   3.1232823654329261E-002
   3.5533674061298370E-002   3.8270836203364869E-002   3.7241422089781727E-002   2.5332147907564275E-004   3.8595140778183670E-002
   3.9235882461071007E-002   4.6786015863420731E-002   4.5209443107087195E-002   4.8503349816804545E-004   4.7504227813905515E-002
   4.3323814868927002E-002   5.7163993641080220E-002   5.4770741364267364E-002   9.1372973090213336E-004   5.8615340230830079E-002
   4.7656197100877769E-002   6.9677964998447819E-002   6.6096165945319335E-002   1.6462598140818956E-003   7.2328274140659524E-002
   5.1988579332828529E-002   8.4333848280652088E-002   7.9089420435071292E-002   2.7560893966549682E-003   8.8645920981369045E-002
   5.6320961564779275E-002  0.10124271880392625        9.3742116562726963E-002   4.3282539771698839E-003  0.10769485993589425     
   6.0653343796730055E-002  0.12026785907003010       0.10982860034427755        6.4278617382110166E-003  0.12932627650685177     
   6.4985722303390517E-002  0.14096081090549048       0.12688447365928188        9.0920188216353660E-003  0.15307970977546567     
   6.9318108260631561E-002  0.16242200039482599       0.14414439397567122        1.2327758394914061E-002  0.17811348019050638     
   7.3650486767292023E-002  0.18330287068980808       0.16059441232736091        1.6115363376269658E-002  0.20326260524241882     
   7.7982872724533067E-002  0.20244311329644990       0.17549142778728630        2.0415047380915659E-002  0.22760307604683336     
   8.2315251231193529E-002  0.21935023086559180       0.18866716625103058        2.5174374371059776E-002  0.25080327085372844     
   8.6647629737854004E-002  0.23418642747386315       0.20041223956000853        3.0334879849699403E-002  0.27302866702587786     
   9.0980015695095062E-002  0.24759020989242092       0.21132927767425311        3.5836910077848103E-002  0.29480375220407351     
   9.6368782222270966E-002  0.26394235649136738       0.22498508314540644        4.3070271708487595E-002  0.32245309244119008     
  0.10175754129886626       0.28229861817622254       0.24019838574010230        5.0639732761877436E-002  0.35221845247213690     
  0.10714630782604216       0.30520348194496050       0.25832310911670159        5.8452541168751322E-002  0.38550385827845463     
  0.11253507435321806       0.33384126238363576       0.27964739493875562        6.6426372380954515E-002  0.42255454777801171     
  0.11792384088039397       0.36765375604908113       0.30350048859796269        7.4488668912179354E-002  0.46254358219422820     
  0.12331259995698926       0.40428898189778728       0.32838690668896359        8.2575702399000112E-002  0.50371204610242470     
  0.12870137393474582       0.44039357515118643       0.35255056258510825        9.0631761758016530E-002  0.54400386318478777     
  0.13409014046192172       0.47277686584344186       0.37465882354955882        9.8608350366762673E-002  0.58183900287185553     
  0.13947889208793640       0.49946249728803044       0.39417605144226719       0.10646369464455169       0.61653873070341680     
  0.14486765861511230       0.51977125827024728       0.41123420217018042       0.11416217688094821       0.64818536236018132     
  0.15025642514228821       0.53504742173672915       0.42664311613253869       0.12167385269424072       0.67764040879081944     
  0.15564519166946411       0.54824729931227267       0.44180002715525879       0.12897415719225097       0.70644916892712539     
  0.16103395819664001       0.56327204718629709       0.45813204219341369       0.13604288435038009       0.73620901072176670     
  0.16642272472381592       0.58285640989217535       0.47608410135805745       0.14286513389131361       0.76741359534631093     
  0.17181149125099179       0.60980881907460682       0.49673145880940550       0.14942849078536391       0.80127537370246993     
  0.17720025777816775       0.64241304427115864       0.51858323001188344       0.15572607318806705       0.83608901811872616     
  0.18258900940418243       0.67928968744861096       0.54127080468165978       0.16175134670325819       0.87142380796124941     
  0.18797777593135831       0.71754312652400976       0.56382691303410348       0.16750414400623945       0.90617720167980331     
  0.19336654245853424       0.75375906019309291       0.58551040096571572       0.17298186143646954       0.93950142455189922     
  0.19875530898571014       0.78502028592405537       0.60608778883820646       0.17818975111038418       0.97113953859573532     
  0.20414407551288605       0.80934766712763506       0.62488464342320893       0.18312784512014443        1.0003257042009621     
  0.20953284204006195       0.82734553077016459       0.64233961013637175       0.18780445254832645        1.0275722139812753     
  0.21492160856723788       0.84173089821017844       0.65968390581690495       0.19222391585118176        1.0542846609952532     
  0.22031037509441379       0.85532341268997292       0.67707965434397166       0.19639233386853622        1.0806561463806710     
  0.22569914162158966       0.87101069960264632       0.69502109916403665       0.20032204979319795        1.1072661204387022     
  0.23108789324760434       0.89105126912427779       0.71369247217734211       0.20401360502578661        1.1343222269564774     
  0.23647665977478027       0.91645225769156324       0.73282843865551295       0.20748304301798248        1.1615462941190646     
  0.24186542630195618       0.94677878963814932       0.75240727324057788       0.21073558201116688        1.1889193066663741     
  0.24725419282913208       0.98034438973966342       0.77215404328034376       0.21377702777705049        1.2161366188596936     
  0.25264295935630798        1.0145890298467031       0.79168128818055505       0.21662575487203017        1.2427876106119731     
  0.25803172588348389        1.0467727777205489       0.81076078095098081       0.21928013234191585        1.2686110284422814     
  0.26342049241065979        1.0749034418314152       0.82939819932186831       0.22175175806861513        1.2936317116963345     
  0.26880925893783575        1.0983066306660305       0.84783660210342948       0.22405817348261381        1.3181518062199502     
  0.27419802546501160        1.1175289003887776       0.86559195581075388       0.22619430118817591        1.3416171572924722     
  0.27958679199218750        1.1338481706679551       0.88347455567580679       0.22817305075768374        1.3649611310514183     
  0.28497555851936335        1.1491297116042511       0.90102879187536167       0.23001211714388420        1.3876985945070122     
  0.29036432504653931        1.1659862789943718       0.91888669752767893       0.23170526638399547        1.4105291861408142     
  0.29575309157371527        1.1857952980535698       0.93670340502591420       0.23326215195877920        1.4330794698655143     
  0.30114182829856878        1.2089257564702796       0.95455122350483501       0.23470097139243606        1.4554593250255206     
  0.30653059482574463        1.2351547437414043       0.97219186195417107       0.23602039731571070        1.4773985305574591     
  0.31191936135292053        1.2638212637930275       0.99015205390277905       0.23722034506152473        1.4994860960345942     
  0.31730812788009644        1.2927227598200699        1.0078312236545968       0.23831776255836140        1.5210764317393368     
  0.32269689440727234        1.3204665643309015        1.0252302227908379       0.23932315032149473        1.5421879072288864     
  0.32808566093444824        1.3464101295884126        1.0429331584143349       0.24022536001648911        1.5634540558643291     
  0.33347442746162415        1.3690274956531248        1.0598899909812174       0.24103651693978778        1.5837223078954110     
  0.33886319398880005        1.3885954860811112        1.0769979917739338       0.24177118800440422        1.6040181787987646     
  0.34425196051597590        1.4067668355348699        1.0940329271159601       0.24242952593310962        1.6240912684882856     
  0.34964072704315191        1.4239372003151645        1.1108674901649340       0.24300504892319033        1.6437887033215686     
  0.35502949357032781        1.4420353881216854        1.1278405322934364       0.24351094554363703        1.6635091210715274     
  0.36041826009750366        1.4613412213980428        1.1446898628518638       0.24395935004696198        1.6829809633841006     
  0.36580702662467957        1.4820261036176436        1.1609323414743171       0.24434562808987639        1.7016603745744392     
  0.37119579315185547        1.5053200583193631        1.1779595045686257       0.24466661979897547        1.7210856118317941     
  0.37658455967903137        1.5293116331819052        1.1943525823875678       0.24493357352092468        1.7397018486775229     
  0.38197332620620728        1.5541355601555460        1.2108367185307631       0.24515631051651693        1.7583296328819074     
  0.38736209273338318        1.5781312182450280        1.2271233704204676       0.24533250321147956        1.7766454385126289     
  0.39275082945823669        1.6014611795467015        1.2435948595730799       0.24545628103483066        1.7950617867570116     
  0.39813959598541260        1.6227483121000947        1.2595163953846882       0.24553707850178261        1.8127829089226697     
  0.40352836251258850        1.6428089484134341        1.2757150144135612       0.24558299309232109        1.8307361580135317     
  0.40891712903976440        1.6617980073751835        1.2916563507795773       0.24559690791376076        1.8483366706801423     
  0.41430589556694031        1.6800450753779654        1.3075717453107760       0.24556912485411300        1.8658229138446787     
  0.41969466209411621        1.6982205395928820        1.3233168836256906       0.24550603028953757        1.8830469502537746     
  0.42508342862129211        1.7171444777437443        1.3392366192176792       0.24541493014425189        1.9004009378297055     
  0.43047219514846802        1.7366313941130465        1.3547357871724806       0.24530066880482176        1.9172388047867488     
  0.43586096167564392        1.7572543154610030        1.3704488123114695       0.24515823604915771        1.9342493438257287     
  0.44124972820281982        1.7783457148013966        1.3859412959917132       0.24498524405233030        1.9509510682813791     
  0.44663849472999573        1.7998638518417278        1.4013506621816756       0.24478846460567652        1.9675069216561525     
  0.45202726125717163        1.8211289057685944        1.4166338623214039       0.24457340741926650        1.9838795549939710     
  0.45741602778434753        1.8422665325831018        1.4319880724238843       0.24434235640278357        2.0002891634126159     
  0.46280479431152344        1.8623012067440134        1.4471341159194260       0.24408743793467988        2.0164161371077660     
  0.46819356083869934        1.8820029065863897        1.4622318593803834       0.24381074344581552        2.0324393499514994     
  0.47358232736587524        1.9005969546005357        1.4772210092856350       0.24351789666472182        2.0483029489468829     
  0.47897109389305115        1.9189507765263312        1.4922508314690304       0.24321331416798495        2.0641780362526045     
  0.48435983061790466        1.9371989572447945        1.5071442003790168       0.24289776692406601        2.0798726254840951     
  0.48974859714508057        1.9554033069967063        1.5219032061528335       0.24256469456767085        2.0953775320252754     
  0.49513736367225647        1.9740790563789155        1.5366784076527311       0.24221381493704550        2.1108565690685515     
  0.50052613019943237        1.9928341471091802        1.5513623007172939       0.24185175645457252        2.1262044856599775     
  0.50591492652893066        2.0120876098776392        1.5659791528881906       0.24148207972451841        2.1414543329506444     
  0.51130366325378418        2.0314938784355578        1.5804777997848352       0.24110695189294507        2.1565545554682148     
  0.51669245958328247        2.0508009501049860        1.5949122023505986       0.24072240894037128        2.1715569301588085     
  0.52208119630813599        2.0700407231047433        1.6092856628849954       0.24031870478446829        2.1864474417016839     
  0.52746993303298950        2.0889201542711131        1.6236571479917890       0.23990684767683748        2.2013102319872142     
  0.53285872936248779        2.1073745794701675        1.6378353220117350       0.23948995741819656        2.2159433441111567     
  0.53824746608734131        2.1256544641307848        1.6520287077289122       0.23907065689804594        2.2305782284578610     
  0.54363626241683960        2.1434320513870597        1.6661459834895844       0.23864937027435890        2.2451167069475146     
  0.54902499914169312        2.1611805718524399        1.6802220000875674       0.23821858011650851        2.2595829322703898     
  0.55441379547119141        2.1788209172889057        1.6941960592351193       0.23777104158503001        2.2738978568779613     
  0.55980253219604492        2.1964297368617425        1.7080978198843861       0.23732011482674795        2.2881183814463739     
  0.56519132852554321        2.2142213437423943        1.7219413543738984       0.23686788240353987        2.3022637807413164     
  0.57058006525039673        2.2321018253515645        1.7357455600061944       0.23641638784064670        2.3163584722894908     
  0.57596886157989502        2.2499722840800978        1.7494592095788013       0.23596648933248765        2.3303488547500155     
  0.58135759830474854        2.2678589842908465        1.7631153021752093       0.23551046176245996        2.3442564286650520     
  0.58674639463424683        2.2857210778486352        1.7767577784384447       0.23503659602673324        2.3581068620496892     
  0.59213513135910034        2.3033295366028814        1.7902326508802666       0.23456050343973439        2.3717631023702799     
  0.59752392768859863        2.3208693890898746        1.8037066645461806       0.23408562579873796        2.3854118221073768     
  0.60291266441345215        2.3382272486739337        1.8171766439086476       0.23361321355546666        2.3990520502254107     
  0.60830146074295044        2.3552774534938141        1.8304850859040431       0.23314463782583772        2.4125167320204763     
  0.61369019746780396        2.3722997770255811        1.8437850044809327       0.23267742720143675        2.4259664075344753     
  0.61907899379730225        2.3891964808608215        1.8570147985132475       0.23219782664075594        2.4393088057793060     
  0.62446773052215576        2.4060431154287154        1.8702020890891857       0.23170513496140013        2.4525723593003925     
  0.62985646724700928        2.4228559296410488        1.8833246016941856       0.23121552289955638        2.4657638265058508     
  0.68127381801605225        2.5809325995924097        2.0056741951217392       0.22658513090087029        2.5882491189025636     
  0.73688852787017822        2.7446209060446374        2.1326878178857553       0.22163603176252430        2.7144289506065649     
  0.79704326391220093        2.9141006397131859        2.2642552362518455       0.21634553827097133        2.8440985898260744     
  0.86210858821868896        3.0895509260690130        2.4004610643478661       0.21090305302672838        2.9776919416260732     
  0.93248546123504639        3.2707297578312904        2.5412485356953725       0.20536482541426207        3.1152428683284028     
   1.0086073875427246        3.4579294248897630        2.6866796317161277       0.19960162296086606        3.2565242509383423     
   1.0909434556961060        3.6508426106380445        2.8366091098043000       0.19386230818005568        3.4018908706819038     
   1.1800009012222290        3.8496018801058196        2.9911778328320966       0.18819956731828355        3.5516056495858961     
   1.2763283252716064        4.0542142494440352        3.1502459838512467       0.18235431032228355        3.7049401407528575     
   1.3805193901062012        4.2645769613114748        3.3138535665147928       0.17659326108250051        3.8625224099161439     
   1.4932159185409546        4.4806507041162851        3.4819504542013355       0.17111947250477388        4.0247847189342174     
   1.6151121854782104        4.7024870178732483        3.6545691517276890       0.16544817932155229        4.1906307351504744     
   1.7469592094421387        4.9300202252674676        3.8315721040299446       0.15977584777041151        4.3603655735854661     
   1.8895695209503174        5.1631695902335419        4.0130350476720267       0.15464954108858650        4.5354307063030079     
   1.9711295366287231        5.2910704901302141        4.1125709809890481       0.15148413444668277        4.6303113575383552     
   2.4582746028900146        5.9858040848268272        4.6540731847664887       0.13741444071885364        5.1515953753249475     
   3.0658125877380367        6.7240239812868747        5.2280237958997979       0.12392551758756144        5.7032991668228199     
   3.8234977722167969        7.5048164418741647        5.8350840255617751       0.11121708654119743        6.2868436641825696     
   4.7684373855590820        8.3270934962212646        6.4744036947918051       0.10049567939943625        6.9054041245367230     
   5.9469089508056632        9.1897454212493646        7.1451187168738119        8.9675692866711065E-002   7.5520374416298166     
   7.4166288375854492        10.091761379958244        7.8464421925669470        7.9807956753786033E-002   8.2294377504566985     
   9.2495746612548828        11.031971084246077        8.5774620460478523        7.2357359393222576E-002   8.9424887360761058     
   11.535514831542971        12.009168885676571        9.3372413022995655        6.4054769952499993E-002   9.6787644959172674     
   14.386403083801270        13.022065650302986        10.124777924908130        5.6466170016516534E-002   10.443027936152424     
   17.941860198974609        14.069214289545144        10.938944680189449        5.1212470560378608E-002   11.241472411704832     
   22.376010894775387        15.149111426577273        11.778575104190283        4.5275990347687069E-002   12.060596167933079     
   27.906021118164059        16.259861422167241        12.642192830790520        3.9997705970163687E-002   12.904744652081813     
   34.802715301513665        17.399013561621512        13.527894419484221        3.4797138490016283E-002   13.769414405558939     
   43.403861999511719        18.563254315665304        14.433101687543573        3.1363114377095193E-002   14.660920506097481     
   54.130695343017578        19.747765811544703        15.354071578809497        2.6849132772857866E-002   15.560882447444557     
   67.508560180664062        20.945597615276849        16.285395654040514        2.3557735552469410E-002   16.476394553476258     
   84.192626953125000        22.146017302015942        17.218733622887388        2.0234595060312693E-002   17.392268730868668     
   104.99999237060543        23.333533809578324        18.142039226492983        1.7246933956440641E-002   18.298681026092048     
