   1.0497607945580963E-005   3.1663939435455557E-015   3.1663939435455557E-015   4.3175501066922390E-017   3.2095694446124779E-015
   1.1591339898586732E-005   4.6756130135445553E-015   4.6756130135445553E-015   5.8125575006013489E-017   4.7337385885505688E-015
   1.2799026990251152E-005   6.9041824179474443E-015   6.9041824179474443E-015   7.8252316662453858E-017   6.9824347346098981E-015
   1.4132539945421730E-005   1.0194965750887974E-014   1.0194965750887974E-014   1.0534817196833882E-016   1.0300313922856313E-014
   1.5604990039719259E-005   1.5054256581260887E-014   1.5054256581260887E-014   1.4182631742895743E-016   1.5196082898689843E-014
   1.7230853700311858E-005   2.2229666902367325E-014   2.2229666902367325E-014   1.9093551816927033E-016   2.2420602420536595E-014
   1.9026114387088472E-005   3.2825143435019196E-014   3.2825143435019196E-014   2.5704943248002566E-016   3.3082192867499223E-014
   2.1008419935242280E-005   4.8470804000125114E-014   4.8470804000125114E-014   3.4605609975301446E-016   4.8816860099878131E-014
   2.3197258997242881E-005   7.1573753815652166E-014   7.1573753815652166E-014   4.6588245275953528E-016   7.2039636268411707E-014
   2.5614152036723674E-005   1.0568843940026277E-013   1.0568843940026277E-013   6.2720034428976057E-016   1.0631563974455254E-013
   2.8282855055294934E-005   1.5606337374111267E-013   1.5606337374111267E-013   8.4437639246621771E-016   1.5690775013357889E-013
   3.1229610613081618E-005   2.3044894257171680E-013   2.3044894257171680E-013   1.1367528371116352E-015   2.3158569540882844E-013
   3.4483382478356355E-005   3.4028932441025604E-013   3.4028932441025604E-013   1.5303681434184942E-015   3.4181969255367452E-013
   3.8076159398769946E-005   5.0248358454758817E-013   5.0248358454758817E-013   2.0602776331568688E-015   5.0454386218074504E-013
   4.2043262510560433E-005   7.4198549845980654E-013   7.4198549845980654E-013   2.7736749694955182E-015   7.4475917342930203E-013
   4.6423694584518691E-005   1.0956428935596378E-012   1.0956428935596378E-012   3.7340956661545205E-015   1.0993769892257924E-012
   5.1260518375784186E-005   1.6178663574443341E-012   1.6178663574443341E-012   5.0270744852782650E-015   1.6228934319296124E-012
   5.6601285905344405E-005   2.3890008539554086E-012   2.3890008539554086E-012   6.7677644170422175E-015   2.3957686183724508E-012
   6.2498496845364544E-005   3.5276854059516873E-012   3.5276854059516873E-012   9.1111890020601598E-015   3.5367965949537476E-012
   6.9010129664093242E-005   5.2091082120507690E-012   5.2091082120507690E-012   1.2266053914119114E-014   5.2213742659648880E-012
   7.6200209150556434E-005   7.6919615070817480E-012   7.6919615070817480E-012   1.6513336436328549E-014   7.7084748435180772E-012
   8.4139406681060791E-005   1.1358230429134365E-011   1.1358230429134365E-011   2.2231290548832464E-014   1.1380461719683198E-011
   9.2905778728891164E-005   1.6771976738471551E-011   1.6771976738471551E-011   2.9929159637823556E-014   1.6801905898109373E-011
   1.0258550901198752E-004   2.4766113309430904E-011   2.4766113309430904E-011   4.0292516468826277E-014   2.4806405825899728E-011
   1.1327375977998591E-004   3.6570550059241277E-011   3.6570550059241277E-011   5.4244322153674833E-014   3.6624794381394951E-011
   1.2507560313679289E-004   5.4001409739125957E-011   5.4001409739125957E-011   7.3027117126094469E-014   5.4074436856252052E-011
   1.3810706150252369E-004   7.9740445853497331E-011   7.9740445853497331E-011   9.8313689316297034E-014   7.9838759542813631E-011
   1.5249625721480703E-004   1.1774766490658540E-010   1.1774766490658540E-010   1.3235607910292596E-013   1.1788002098568832E-010
   1.6838463488966221E-004   1.7387047822577563E-010   1.7387047822577563E-010   1.7818605704009568E-013   1.7404866428281573E-010
   1.8592840933706603E-004   2.5674350769115146E-010   2.5674350769115146E-010   2.3988528063591109E-013   2.5698339297178737E-010
   2.0530004985630496E-004   3.7911687744855291E-010   3.7911687744855291E-010   3.2294867238614738E-013   3.7943982612093905E-010
   2.2668998281005773E-004   5.5981774885554448E-010   5.5981774885554448E-010   4.3477376250952356E-013   5.6025252261805400E-010
   2.5030851247720415E-004   8.2664733061703965E-010   8.2664733061703965E-010   5.8531977500827327E-013   8.2723265039204790E-010
   2.7638784376904352E-004   1.2206579515262911E-009   1.2206579515262911E-009   7.8799443843937132E-013   1.2214459459647304E-009
   3.0518430867232361E-004   1.8024676594459761E-009   1.8024676594459761E-009   1.0608474570190587E-012   1.8035285069029951E-009
   3.3698105835355824E-004   2.6615895646554083E-009   2.6615895646554083E-009   1.4281795457035767E-012   2.6630177442011118E-009
   3.7209066795185214E-004   3.9302002834038267E-009   3.9302002834038267E-009   1.9227050772222663E-012   3.9321229884810488E-009
   4.1085830889642222E-004   5.8034775941609064E-009   5.8034775941609064E-009   2.5884665779154217E-012   5.8060660607388214E-009
   4.5366509584710002E-004   8.5696271488151029E-009   8.5696271488151029E-009   3.4847565192472886E-012   8.5731119053343498E-009
   5.0093187019228914E-004   1.2654225143744793E-008   1.2654225143744793E-008   4.6913985418913132E-012   1.2658916542286683E-008
   5.5312330368906249E-004   1.8685691478915413E-008   1.8685691478915413E-008   6.3158558233300065E-012   1.8692007334738744E-008
   6.1075249686837186E-004   2.7591975672057125E-008   2.7591975672057125E-008   8.5028025164191607E-012   2.7600478474573544E-008
   6.7438598489388834E-004   4.0743317103544029E-008   4.0743317103544029E-008   1.1447006979006152E-011   4.0754764110523037E-008
   7.4464938370510947E-004   6.0163074437298346E-008   6.0163074437298346E-008   1.5410681410604495E-011   6.0178485118708951E-008
   8.2223338540643454E-004   8.8838978517654688E-008   8.8838978517654688E-008   2.0746825723788046E-011   8.8859725343378473E-008
   9.0790080139413443E-004   1.3118288341652709E-007   1.3118288341652709E-007   2.7930681813795350E-011   1.3121081409834088E-007
   1.0024937801063061E-003   1.9370943167071582E-007   1.9370943167071582E-007   3.7602039325871834E-011   1.9374703371004168E-007
   1.1069423053413627E-003   2.8597592264983240E-007   2.8597592264983240E-007   5.0622232736718226E-011   2.8602654488256914E-007
   1.2222731020301583E-003   4.2195134428645156E-007   4.2195134428645156E-007   6.8150822668918357E-011   4.2201949510912049E-007
   1.3496201718226077E-003   6.2217228668753823E-007   6.2217228668753823E-007   9.1748932766794124E-011   6.2226403562030503E-007
   1.4902353286743162E-003   9.1672313663377082E-007   9.1672313663377082E-007   1.2351818565656136E-010   9.1684665481942740E-007
   1.6455008881166577E-003   1.3495899124673748E-006   1.3495899124673748E-006   1.6628792042392956E-010   1.3497562003877987E-006
   1.8169435206800699E-003   1.9849510902938428E-006   1.9849510902938428E-006   2.2386727954539625E-010   1.9851749575733881E-006
   2.0062483381479974E-003   2.9163233376076976E-006   2.9163233376076976E-006   3.0138415021521112E-010   2.9166247217579127E-006
   2.2152769379317752E-003   4.2795214215816846E-006   4.2795214215816846E-006   4.0574238978547503E-010   4.2799271639714704E-006
   2.4460835848003626E-003   6.2714993350305777E-006   6.2714993350305777E-006   5.4623582923565027E-010   6.2720455708598132E-006
   2.7009379118680945E-003   9.1769721345771406E-006   9.1769721345771406E-006   7.3537710847096909E-010   9.1777075116856114E-006
   2.9823449440300460E-003   1.3406060892270862E-005   1.3406060892270862E-005   9.9001078119371296E-010   1.3407050903052056E-005
   3.2930714078247538E-003   1.9548506507712488E-005   1.9548506507712488E-005   1.3328145134381031E-009   1.9549839322225926E-005
   3.6361722741276017E-003   2.8447484375687245E-005   2.8447484375687245E-005   1.7943188588046640E-009   2.8449278694546050E-005
   4.0150200948119172E-003   4.1306155053201758E-005   4.1306155053201758E-005   2.4156243752997046E-009   4.1308570677577058E-005
   4.4333399273455134E-003   5.9832209597835086E-005   5.9832209597835086E-005   3.2520658449735558E-009   5.9835461663680062E-005
   4.8952437937259674E-003   8.6435729918857380E-005   8.6435729918857380E-005   4.3781352620237142E-009   8.6440108054119410E-005
   5.4052728228271025E-003   1.2450901875134422E-004   1.2450901875134422E-004   5.8941206430022473E-009   1.2451491287198722E-004
   5.9684407897293550E-003   1.7878001946197591E-004   1.7878001946197591E-004   7.9350341019562463E-009   1.7878795449607787E-004
   6.5902848728001144E-003   2.5582411470116175E-004   2.5582411470116175E-004   1.0682640700369169E-008   2.5583479734186211E-004
   7.2769178077578519E-003   3.6466159124862017E-004   3.6466159124862017E-004   1.4381640607139779E-008   3.6467597288922731E-004
   8.0350907519459707E-003   5.1758764139259335E-004   5.1758764139259335E-004   1.9361469271382472E-008   5.1760700286186472E-004
   8.8722556829452532E-003   7.3129794740179439E-004   7.3129794740179439E-004   2.6065616058540240E-008   7.3132401301785296E-004
   9.7966445609927195E-003   1.0279715192809482E-003   1.0279715192809482E-003   3.5091165739684071E-008   1.0280066104466879E-003
   1.0817344300448895E-002   1.4368716743860389E-003   1.4368716743860389E-003   4.7241922173572644E-008   1.4369189163082124E-003
   1.1944388970732692E-002   1.9958903480057264E-003   1.9958903480057264E-003   6.3600018046690825E-008   1.9959539480237732E-003
   1.3188858516514300E-002   2.7529074376928882E-003   2.7529074376928882E-003   8.5622297671000736E-008   2.7529930599905590E-003
   1.4562988653779026E-002   3.7676815034105734E-003   3.7676815034105734E-003   1.1527006478592070E-007   3.7677967734753592E-003
   1.6080286353826523E-002   5.1112356554606142E-003   5.1112356554606142E-003   1.5518367142495081E-007   5.1113908391320394E-003
   1.7755670472979553E-002   6.8663894200754272E-003   6.8663894200754272E-003   2.0891785841356310E-007   6.8665983379338404E-003
   1.9605610519647595E-002   9.1245112815233551E-003   9.1245112815233551E-003   2.8125809243364321E-007   9.1247925396157892E-003
   2.1648293361067772E-002   1.1978853855397870E-002   1.1978853855397870E-002   3.7864684796296192E-007   1.1979232502245833E-002
   2.3903800174593925E-002   1.5523375154639002E-002   1.5523375154639002E-002   5.0975743492593644E-007   1.5523884912073928E-002
   2.6394305750727654E-002   1.9838900367253946E-002   1.9838900367253946E-002   6.8626625039753836E-007   1.9839586633504342E-002
   2.9144294559955593E-002   2.5003044920263104E-002   2.5003044920263104E-002   9.2389277484879795E-007   2.5003968813037954E-002
   3.2180801033973701E-002   3.1102281985975068E-002   3.1102281985975068E-002   1.2437992305300512E-006   3.1103525785205598E-002
   3.5533674061298370E-002   3.8270836203364869E-002   3.8270836203364869E-002   1.6744748757849315E-006   3.8272510678240654E-002
   3.9235882461071007E-002   4.6786015863420731E-002   4.6786015863420731E-002   2.2542745610516276E-006   4.6788270137981786E-002
   4.3323814868927002E-002   5.7163993641080220E-002   5.7163993641080220E-002   3.0348306826439867E-006   5.7167028471762867E-002
   4.7656197100877769E-002   6.9677964998447819E-002   6.9677964998447819E-002   4.0393362970195837E-006   6.9682004334744835E-002
   5.1988579332828529E-002   8.4333848280652088E-002   8.4333848280652088E-002   5.2441242253683869E-006   8.4339092404877455E-002
   5.6320961564779275E-002  0.10124271880392625       0.10124271880392625        6.6673970301193515E-006  0.10124938620095637     
   6.0653343796730055E-002  0.12026785907003010       0.12026785907003010        8.3273562964333090E-006  0.12027618642632654     
   6.4985722303390517E-002  0.14096081090549048       0.14096081090549048        1.0242200522134622E-005  0.14097105310601263     
   6.9318108260631561E-002  0.16242200039482599       0.16242200039482599        1.2430133821556754E-005  0.16243443052864753     
   7.3650486767292023E-002  0.18330287068980808       0.18330287068980808        1.4909347152451856E-005  0.18331778003696053     
   7.7982872724533067E-002  0.20244311329644990       0.20244311329644990        1.7698043970908724E-005  0.20246081134042082     
   8.2315251231193529E-002  0.21935023086559180       0.21935023086559180        2.0814408667572331E-005  0.21937104527425938     
   8.6647629737854004E-002  0.23418642747386315       0.23418642747386315        2.4276637888273757E-005  0.23421070411175143     
   9.0980015695095062E-002  0.24759020989242092       0.24759020989242092        2.8102928719534954E-005  0.24761831282114047     
   9.6368782222270966E-002  0.26394235649136738       0.26394235649136738        3.3397675572698368E-005  0.26397575416694008     
  0.10175754129886626       0.28229861817622254       0.28229861817622254        3.9318791483938419E-005  0.28233793696770648     
  0.10714630782604216       0.30520348194496050       0.30520348194496050        4.5901277470520084E-005  0.30524938322243100     
  0.11253507435321806       0.33384126238363576       0.33384126238363576        5.3180121815885540E-005  0.33389444250545164     
  0.11792384088039397       0.36765375604908113       0.36765375604908113        6.1190297119051641E-005  0.36771494634620017     
  0.12331259995698926       0.40428898189778728       0.40428898189778728        6.9966763263225451E-005  0.40435894866105049     
  0.12870137393474582       0.44039357515118643       0.44039357515118643        7.9544530589083028E-005  0.44047311968177549     
  0.13409014046192172       0.47277686584344186       0.47277686584344186        8.9958515134680743E-005  0.47286682435857652     
  0.13947889208793640       0.49946249728803044       0.49946249728803044        1.0124365704229295E-004  0.49956374094507272     
  0.14486765861511230       0.51977125827024728       0.51977125827024728        1.1343496569781329E-004  0.51988469323594511     
  0.15025642514228821       0.53504742173672915       0.53504742173672915        1.2656734042246524E-004  0.53517398907715164     
  0.15564519166946411       0.54824729931227267       0.54824729931227267        1.4067570957434567E-004  0.54838797502184700     
  0.16103395819664001       0.56327204718629709       0.56327204718629709        1.5579501818497986E-004  0.56342784220448205     
  0.16642272472381592       0.58285640989217535       0.58285640989217535        1.7196014330613429E-004  0.58302837003548147     
  0.17181149125099179       0.60980881907460682       0.60980881907460682        1.8920601368854667E-004  0.60999802508829537     
  0.17720025777816775       0.64241304427115864       0.64241304427115864        2.0756752637258633E-004  0.64262061179753127     
  0.18258900940418243       0.67928968744861096       0.67928968744861096        2.2707951357987317E-004  0.67951676696219088     
  0.18797777593135831       0.71754312652400976       0.71754312652400976        2.4777694142885453E-004  0.71779090346543861     
  0.19336654245853424       0.75375906019309291       0.75375906019309291        2.6969462075257479E-004  0.75402875481384546     
  0.19875530898571014       0.78502028592405537       0.78502028592405537        2.9286742777361816E-004  0.78531315335182894     
  0.20414407551288605       0.80934766712763506       0.80934766712763506        3.1733020995403067E-004  0.80966499733758912     
  0.20953284204006195       0.82734553077016459       0.82734553077016459        3.4311777631466120E-004  0.82768864854647928     
  0.21492160856723788       0.84173089821017844       0.84173089821017844        3.7026497608913679E-004  0.84210116318626760     
  0.22031037509441379       0.85532341268997292       0.85532341268997292        3.9880662356125323E-004  0.85572221931353420     
  0.22569914162158966       0.87101069960264632       0.87101069960264632        4.2877748677326897E-004  0.87143947708941960     
  0.23108789324760434       0.89105126912427779       0.89105126912427779        4.6021229727269121E-004  0.89151148142155046     
  0.23647665977478027       0.91645225769156324       0.91645225769156324        4.9314600741115760E-004  0.91694540369897437     
  0.24186542630195618       0.94677878963814932       0.94677878963814932        5.2761325564600200E-004  0.94730640289379531     
  0.24725419282913208       0.98034438973966342       0.98034438973966342        5.6364883229943112E-004  0.98090803857196285     
  0.25264295935630798        1.0145890298467031        1.0145890298467031        6.0128742877174840E-004   1.0151903172754748     
  0.25803172588348389        1.0467727777205489        1.0467727777205489        6.4056386611285908E-004   1.0474133415866618     
  0.26342049241065979        1.0749034418314152        1.0749034418314152        6.8151275679476239E-004   1.0755849545882099     
  0.26880925893783575        1.0983066306660305        1.0983066306660305        7.2416878994129767E-004   1.0990307994559718     
  0.27419802546501160        1.1175289003887776        1.1175289003887776        7.6856676422991214E-004   1.1182974671530075     
  0.27958679199218750        1.1338481706679551        1.1338481706679551        8.1474122904758917E-004   1.1346629118970026     
  0.28497555851936335        1.1491297116042511        1.1491297116042511        8.6272689850582505E-004   1.1499924385027569     
  0.29036432504653931        1.1659862789943718        1.1659862789943718        9.1255841309189299E-004   1.1668988374074636     
  0.29575309157371527        1.1857952980535698        1.1857952980535698        9.6427031992167220E-004   1.1867595683734915     
  0.30114182829856878        1.2089257564702796        1.2089257564702796        1.0178970783639130E-003   1.2099436535486434     
  0.30653059482574463        1.2351547437414043        1.2351547437414043        1.0734737149078444E-003   1.2362282174563122     
  0.31191936135292053        1.2638212637930275        1.2638212637930275        1.1310345018088527E-003   1.2649522982948365     
  0.31730812788009644        1.2927227598200699        1.2927227598200699        1.1906141783902071E-003   1.2939133739984601     
  0.32269689440727234        1.3204665643309015        1.3204665643309015        1.2522472018725208E-003   1.3217188115327740     
  0.32808566093444824        1.3464101295884126        1.3464101295884126        1.3159679928407423E-003   1.3477260975812533     
  0.33347442746162415        1.3690274956531248        1.3690274956531248        1.3818111572215992E-003   1.3704093068103465     
  0.33886319398880005        1.3885954860811112        1.3885954860811112        1.4498111869249738E-003   1.3900452972680362     
  0.34425196051597590        1.4067668355348699        1.4067668355348699        1.5200025560307615E-003   1.4082868380909006     
  0.34964072704315191        1.4239372003151645        1.4239372003151645        1.5924197205053638E-003   1.4255296200356697     
  0.35502949357032781        1.4420353881216854        1.4420353881216854        1.6670971179181685E-003   1.4437024852396037     
  0.36041826009750366        1.4613412213980428        1.4613412213980428        1.7440691671580504E-003   1.4630852905652008     
  0.36580702662467957        1.4820261036176436        1.4820261036176436        1.8233702681498540E-003   1.4838494738857935     
  0.37119579315185547        1.5053200583193631        1.5053200583193631        1.9050346471309867E-003   1.5072250929664941     
  0.37658455967903137        1.5293116331819052        1.5293116331819052        1.9890969673032164E-003   1.5313007301492085     
  0.38197332620620728        1.5541355601555460        1.5541355601555460        2.0755912538979126E-003   1.5562111514094439     
  0.38736209273338318        1.5781312182450280        1.5781312182450280        2.1645521574956434E-003   1.5802957704025236     
  0.39275082945823669        1.6014611795467015        1.6014611795467015        2.2560133041129820E-003   1.6037171928508145     
  0.39813959598541260        1.6227483121000947        1.6227483121000947        2.3500097963345540E-003   1.6250983218964292     
  0.40352836251258850        1.6428089484134341        1.6428089484134341        2.4465757670917281E-003   1.6452555241805258     
  0.40891712903976440        1.6617980073751835        1.6617980073751835        2.5457452714452264E-003   1.6643437526466287     
  0.41430589556694031        1.6800450753779654        1.6800450753779654        2.6475525258772077E-003   1.6826926279038426     
  0.41969466209411621        1.6982205395928820        1.6982205395928820        2.7520317250706921E-003   1.7009725713179527     
  0.42508342862129211        1.7171444777437443        1.7171444777437443        2.8592170416260518E-003   1.7200036947853703     
  0.43047219514846802        1.7366313941130465        1.7366313941130465        2.9691426257775011E-003   1.7396005367388239     
  0.43586096167564392        1.7572543154610030        1.7572543154610030        3.0818426051095831E-003   1.7603361580661125     
  0.44124972820281982        1.7783457148013966        1.7783457148013966        3.1973513436938179E-003   1.7815430661450904     
  0.44663849472999573        1.7998638518417278        1.7998638518417278        3.3157024137456257E-003   1.8031795542554734     
  0.45202726125717163        1.8211289057685944        1.8211289057685944        3.4369304021308117E-003   1.8245658361707253     
  0.45741602778434753        1.8422665325831018        1.8422665325831018        3.5610690842934334E-003   1.8458276016673953     
  0.46280479431152344        1.8623012067440134        1.8623012067440134        3.6881527703674509E-003   1.8659893595143808     
  0.46819356083869934        1.8820029065863897        1.8820029065863897        3.8182148587485314E-003   1.8858211214451381     
  0.47358232736587524        1.9005969546005357        1.9005969546005357        3.9512899210046200E-003   1.9045482445215403     
  0.47897109389305115        1.9189507765263312        1.9189507765263312        4.0874115954971707E-003   1.9230381881218284     
  0.48435983061790466        1.9371989572447945        1.9371989572447945        4.2266133576798473E-003   1.9414255706024743     
  0.48974859714508057        1.9554033069967063        1.9554033069967063        4.3689303175997651E-003   1.9597722373143061     
  0.49513736367225647        1.9740790563789155        1.9740790563789155        4.5143955743556213E-003   1.9785934519532711     
  0.50052613019943237        1.9928341471091802        1.9928341471091802        4.6630429640035142E-003   1.9974971900731837     
  0.50591492652893066        2.0120876098776392        2.0120876098776392        4.8149075382100687E-003   2.0169025174158492     
  0.51130366325378418        2.0314938784355578        2.0314938784355578        4.9700201616765891E-003   2.0364638985972343     
  0.51669245958328247        2.0508009501049860        2.0508009501049860        5.1284184481680062E-003   2.0559293685531541     
  0.52208119630813599        2.0700407231047433        2.0700407231047433        5.2901322243335209E-003   2.0753308553290770     
  0.52746993303298950        2.0889201542711131        2.0889201542711131        5.4551969310969346E-003   2.0943753512022099     
  0.53285872936248779        2.1073745794701675        2.1073745794701675        5.6236485875804151E-003   2.1129982280577480     
  0.53824746608734131        2.1256544641307848        2.1256544641307848        5.7955171468081820E-003   2.1314499812775929     
  0.54363626241683960        2.1434320513870597        2.1434320513870597        5.9708395994650006E-003   2.1494028909865248     
  0.54902499914169312        2.1611805718524399        2.1611805718524399        6.1496461483845294E-003   2.1673302180008243     
  0.55441379547119141        2.1788209172889057        2.1788209172889057        6.3319738543894701E-003   2.1851528911432951     
  0.55980253219604492        2.1964297368617425        2.1964297368617425        6.5178522077301709E-003   2.2029475890694727     
  0.56519132852554321        2.2142213437423943        2.2142213437423943        6.7073199293542348E-003   2.2209286636717485     
  0.57058006525039673        2.2321018253515645        2.2321018253515645        6.9004052642608043E-003   2.2390022306158253     
  0.57596886157989502        2.2499722840800978        2.2499722840800978        7.0971459456400160E-003   2.2570694300257377     
  0.58135759830474854        2.2678589842908465        2.2678589842908465        7.2975716189803714E-003   2.2751565559098270     
  0.58674639463424683        2.2857210778486352        2.2857210778486352        7.5017201701495367E-003   2.2932227980187849     
  0.59213513135910034        2.3033295366028814        2.3033295366028814        7.7096204770089509E-003   2.3110391570798905     
  0.59752392768859863        2.3208693890898746        2.3208693890898746        7.9213098895668885E-003   2.3287906989794416     
  0.60291266441345215        2.3382272486739337        2.3382272486739337        8.1368176682209692E-003   2.3463640663421548     
  0.60830146074295044        2.3552774534938141        2.3552774534938141        8.3561819165450680E-003   2.3636336354103591     
  0.61369019746780396        2.3722997770255811        2.3722997770255811        8.5794310544402425E-003   2.3808792080800214     
  0.61907899379730225        2.3891964808608215        2.3891964808608215        8.8066025813140578E-003   2.3980030834421355     
  0.62446773052215576        2.4060431154287154        2.4060431154287154        9.0377260965411061E-003   2.4150808415252567     
  0.62985646724700928        2.4228559296410488        2.4228559296410488        9.2728358452925010E-003   2.4321287654863415     
  0.68127381801605225        2.5809325995924097        2.5809325995924097        1.1723082341648428E-002   2.5926556819340583     
  0.73688852787017822        2.7446209060446374        2.7446209060446374        1.4818519552640703E-002   2.7594394255972783     
  0.79704326391220093        2.9141006397131859        2.9141006397131859        1.8728010760729684E-002   2.9328286504739154     
  0.86210858821868896        3.0895509260690130        3.0895509260690130        2.3664149128893641E-002   3.1132150751979069     
  0.93248546123504639        3.2707297578312904        3.2707297578312904        2.9894422749834750E-002   3.3006241805811252     
   1.0086073875427246        3.4579294248897630        3.4579294248897630        3.7755077808483861E-002   3.4956845026982468     
   1.0909434556961060        3.6508426106380445        3.6508426106380445        4.7668463870908596E-002   3.6985110745089531     
   1.1800009012222290        3.8496018801058196        3.8496018801058196        6.0164567859928561E-002   3.9097664479657483     
   1.2763283252716064        4.0542142494440352        4.0542142494440352        7.5907763070430623E-002   4.1301220125144660     
   1.3805193901062012        4.2645769613114748        4.2645769613114748        9.5730098907683248E-002   4.3603070602191583     
   1.4932159185409546        4.4806507041162851        4.4806507041162851       0.12067237426935518        4.6013230783856400     
   1.6151121854782104        4.7024870178732483        4.7024870178732483       0.15203522800595998        4.8545222458792079     
   1.7469592094421387        4.9300202252674676        4.9300202252674676       0.19144232630409463        5.1214625515715619     
   1.8895695209503174        5.1631695902335419        5.1631695902335419       0.24091867887732726        5.4040882691108694     
   1.9711295366287231        5.2910704901302141        5.2910704901302141       0.27259408243335131        5.5636645725635656     
   2.4582746028900146        5.9858040848268272        5.9858040848268272       0.51819479865790197        6.5039988834847291     
   3.0658125877380367        6.7240239812868747        6.7240239812868747       0.97951904838939907        7.7035430296762737     
   3.8234977722167969        7.5048164418741647        7.5048164418741647        1.8412583271494911        9.3460747690236552     
   4.7684373855590820        8.3270934962212646        8.3270934962212646        3.4435514779845713        11.770644974205837     
   5.9469089508056632        9.1897454212493646        9.1897454212493646        6.4111708664755804        15.600916287724946     
   7.4166288375854492        10.091761379958244        10.091761379958244        11.889176239377171        21.980937619335414     
   9.2495746612548828        11.031971084246077        11.031971084246077        21.973388986276905        33.005360070522983     
   11.535514831542971        12.009168885676571        12.009168885676571        40.494552381582842        52.503721267259415     
   14.386403083801270        13.022065650302986        13.022065650302986        74.448601376395857        87.470667026698848     
   17.941860198974609        14.069214289545144        14.069214289545144        136.60346343793765        150.67267772748278     
   22.376010894775387        15.149111426577273        15.149111426577273        250.25214732256666        265.40125874914395     
   27.906021118164059        16.259861422167241        16.259861422167241        457.88000805244968        474.13986947461694     
   34.802715301513665        17.399013561621512        17.399013561621512        836.97035826520312        854.36937182682459     
   43.403861999511719        18.563254315665304        18.563254315665304        1528.8380673463312        1547.4013216619965     
   54.130695343017578        19.747765811544703        19.747765811544703        2791.2347576333955        2810.9825234449404     
   67.508560180664062        20.945597615276849        20.945597615276849        5094.3421878371591        5115.2877854524359     
   84.192626953125000        22.146017302015942        22.146017302015942        9295.9150991959723        9318.0611164979891     
   104.99999237060543        23.333533809578324        23.333533809578324        16960.929691412857        16984.263225222436     
