   1.0497607945580963E-005   3.1663939435467031E-015   3.1663939435467031E-015   1.5636007688301422E-026   3.1663939435623391E-015   1.00000000    
   1.1591339898586732E-005   4.6756130135462498E-015   4.6756130135462498E-015   1.3456571996279037E-026   4.6756130135597062E-015   1.00000000    
   1.2799026990251152E-005   6.9041824179498480E-015   6.9041824179498480E-015   1.9818650813478073E-026   6.9041824179696665E-015   1.00000000    
   1.4132539945421730E-005   1.0194965750891379E-014   1.0194965750891379E-014   1.3255038133867142E-026   1.0194965750904633E-014   1.00000000    
   1.5604990039719259E-005   1.5054256581265809E-014   1.5054256581265809E-014   1.2306886837730807E-026   1.5054256581278116E-014   1.00000000    
   1.7230853700311858E-005   2.2229666902374513E-014   2.2229666902374513E-014   1.7266538811773050E-026   2.2229666902391779E-014   1.00000000    
   1.9026114387088472E-005   3.2825143435029578E-014   3.2825143435029578E-014   1.4467218980812430E-026   3.2825143435044042E-014   1.00000000    
   2.1008419935242280E-005   4.8470804000139926E-014   4.8470804000139926E-014   1.4740641069248776E-026   4.8470804000154668E-014   1.00000000    
   2.3197258997242881E-005   7.1573753815673787E-014   7.1573753815673787E-014   1.7419091338181164E-026   7.1573753815691205E-014   1.00000000    
   2.5614152036723674E-005   1.0568843940029357E-013   1.0568843940029357E-013   1.5088500748883364E-026   1.0568843940030865E-013   1.00000000    
   2.8282855055294934E-005   1.5606337374115758E-013   1.5606337374115758E-013   1.4284272298605313E-026   1.5606337374117186E-013   1.00000000    
   3.1229610613081618E-005   2.3044894257178067E-013   2.3044894257178067E-013   2.1524478604479753E-026   2.3044894257180217E-013   1.00000000    
   3.4483382478356355E-005   3.4028932441034793E-013   3.4028932441034793E-013   1.9380973227573905E-026   3.4028932441036731E-013   1.00000000    
   3.8076159398769946E-005   5.0248358454771853E-013   5.0248358454771853E-013   2.2996851970935308E-026   5.0248358454774155E-013   1.00000000    
   4.2043262510560433E-005   7.4198549845999365E-013   7.4198549845999365E-013   2.8698807048210668E-026   7.4198549846002232E-013   1.00000000    
   4.6423694584518691E-005   1.0956428935599026E-012   1.0956428935599026E-012   3.0346364788040431E-026   1.0956428935599329E-012   1.00000000    
   5.1260518375784186E-005   1.6178663574447192E-012   1.6178663574447192E-012   4.2522638441645847E-026   1.6178663574447618E-012   1.00000000    
   5.6601285905344405E-005   2.3890008539559603E-012   2.3890008539559603E-012   6.1552160912838658E-026   2.3890008539560217E-012   1.00000000    
   6.2498496845364544E-005   3.5276854059524644E-012   3.5276854059524644E-012   8.2946765900228676E-026   3.5276854059525472E-012   1.00000000    
   6.9010129664093242E-005   5.2091082120518789E-012   5.2091082120518789E-012   1.2809293027126279E-025   5.2091082120520074E-012   1.00000000    
   7.6200209150556434E-005   7.6919615070833054E-012   7.6919615070833054E-012   1.2939936474261850E-025   7.6919615070834347E-012   1.00000000    
   8.4139406681060791E-005   1.1358230429136585E-011   1.1358230429136585E-011   2.4828865978321778E-025   1.1358230429136834E-011   1.00000000    
   9.2905778728891164E-005   1.6771976738474769E-011   1.6771976738474769E-011   4.9172980589502042E-025   1.6771976738475260E-011   1.00000000    
   1.0258550901198752E-004   2.4766113309435392E-011   2.4766113309435392E-011   9.7492979404129912E-025   2.4766113309436367E-011   1.00022745    
   1.1327375977998591E-004   3.6570550059247771E-011   3.6570550059247771E-011   1.9394186548051755E-024   3.6570550059249710E-011  0.999686301    
   1.2507560313679289E-004   5.4001409739134784E-011   5.4001409739134784E-011   3.8731322829917603E-024   5.4001409739138655E-011  0.999766827    
   1.3810706150252369E-004   7.9740445853509803E-011   7.9740445853509803E-011   7.7408195547273820E-024   7.9740445853517545E-011  0.999996126    
   1.5249625721480703E-004   1.1774766490660296E-010   1.1774766490660296E-010   1.5485964268397034E-023   1.1774766490661844E-010   1.00011289    
   1.6838463488966221E-004   1.7387047822580094E-010   1.7387047822580094E-010   3.1030171999899169E-023   1.7387047822583196E-010  0.999808967    
   1.8592840933706603E-004   2.5674350769118703E-010   2.5674350769118703E-010   6.1998390451230792E-023   2.5674350769124901E-010   1.00003815    
   2.0530004985630496E-004   3.7911687744860006E-010   3.7911687744860006E-010   1.2406527929234901E-022   3.7911687744872414E-010  0.999819040    
   2.2668998281005773E-004   5.5981774885561211E-010   5.5981774885561211E-010   2.4827670758286607E-022   5.5981774885586036E-010  0.999822080    
   2.5030851247720415E-004   8.2664733061713064E-010   8.2664733061713064E-010   4.9686692581761783E-022   8.2664733061762746E-010  0.999842465    
   2.7638784376904352E-004   1.2206579515264168E-009   1.2206579515264168E-009   9.9434953886210752E-022   1.2206579515274111E-009  0.999831796    
   3.0518430867232361E-004   1.8024676594461490E-009   1.8024676594461490E-009   1.9899813794713292E-021   1.8024676594481390E-009  0.999880135    
   3.3698105835355824E-004   2.6615895646556444E-009   2.6615895646556444E-009   3.9824735912676179E-021   2.6615895646596269E-009  0.999812365    
   3.7209066795185214E-004   3.9302002834041476E-009   3.9302002834041476E-009   7.9700927441465628E-021   3.9302002834121175E-009  0.999728739    
   4.1085830889642222E-004   5.8034775941613390E-009   5.8034775941613390E-009   1.5949827907236151E-020   5.8034775941772887E-009  0.999692678    
   4.5366509584710002E-004   8.5696271488156505E-009   8.5696271488156505E-009   3.1919730238110335E-020   8.5696271488475697E-009  0.999666154    
   5.0093187019228914E-004   1.2654225143745511E-008   1.2654225143745511E-008   6.3879423435290493E-020   1.2654225143809390E-008  0.999583662    
   5.5312330368906249E-004   1.8685691478916343E-008   1.8685691478916343E-008   1.2783909335445538E-019   1.8685691479044182E-008  0.999471664    
   6.1075249686837186E-004   2.7591975672058299E-008   2.7591975672058299E-008   2.5583853925966428E-019   2.7591975672314136E-008  0.999390602    
   6.7438598489388834E-004   4.0743317103545478E-008   4.0743317103545478E-008   5.1199796744015216E-019   4.0743317104057476E-008  0.999237478    
   7.4464938370510947E-004   6.0163074437299842E-008   6.0163074437299842E-008   1.0246380931290981E-018   6.0163074438324474E-008  0.999074340    
   8.2223338540643454E-004   8.8838978517656263E-008   8.8838978517656263E-008   2.0505579684271528E-018   8.8838978519706824E-008  0.998877287    
   9.0790080139413443E-004   1.3118288341652826E-007   1.3118288341652826E-007   4.1036816133988181E-018   1.3118288342063195E-007  0.998626947    
   1.0024937801063061E-003   1.9370943167071616E-007   1.9370943167071616E-007   8.2124904466999481E-018   1.9370943167892865E-007  0.998327613    
   1.1069423053413627E-003   2.8597592264983240E-007   2.8597592264983240E-007   1.6435230553922832E-017   2.8597592266626765E-007  0.997962832    
   1.2222731020301583E-003   4.2195134428644854E-007   4.2195134428644854E-007   3.2890920730895052E-017   4.2195134431933946E-007  0.997512519    
   1.3496201718226077E-003   6.2217228668753940E-007   6.2217228668753940E-007   6.5822735667376021E-017   6.2217228675336211E-007  0.996967435    
   1.4902353286743162E-003   9.1672313663377082E-007   9.1672313663377082E-007   1.3172708124628597E-016   9.1672313676549789E-007  0.996305227    
   1.6455008881166577E-003   1.3495899124673722E-006   1.3495899124673722E-006   2.6361679964464919E-016   1.3495899127309890E-006  0.995495677    
   1.8169435206800699E-003   1.9849510902938356E-006   1.9849510902938356E-006   5.2755820309309074E-016   1.9849510908213940E-006  0.994512200    
   2.0062483381479974E-003   2.9163233376077184E-006   2.9163233376077184E-006   1.0557620619884445E-015   2.9163233386634806E-006  0.993314862    
   2.2152769379317752E-003   4.2795214215816770E-006   4.2795214215816770E-006   2.1128111572870990E-015   4.2795214236944880E-006  0.991855323    
   2.4460835848003626E-003   6.2714993350305887E-006   6.2714993350305887E-006   4.2281748677746014E-015   6.2714993392587637E-006  0.990076721    
   2.7009379118680945E-003   9.1769721345771576E-006   9.1769721345771576E-006   8.4614178778584980E-015   9.1769721430385762E-006  0.987915039    
   2.9823449440300460E-003   1.3406060892270862E-005   1.3406060892270862E-005   1.6932856574461635E-014   1.3406060909203718E-005  0.985285401    
   3.2930714078247538E-003   1.9548506507712488E-005   1.9548506507712488E-005   3.3885498212741338E-014   1.9548506541597987E-005  0.982088983    
   3.6361722741276017E-003   2.8447484375687245E-005   2.8447484375687245E-005   6.7809963935512840E-014   2.8447484443497210E-005  0.978204668    
   4.0150200948119172E-003   4.1306155053201758E-005   4.1306155053201758E-005   1.3569622675184692E-013   4.1306155188897988E-005  0.973490596    
   4.4333399273455134E-003   5.9832209597835086E-005   5.9832209597835086E-005   2.7154137425738973E-013   5.9832209869376461E-005  0.967774034    
   4.8952437937259674E-003   8.6435729918857380E-005   8.6435729918857380E-005   5.4337105162947981E-013   8.6435730462228433E-005  0.960848749    
   5.4052728228271025E-003   1.2450901875134379E-004   1.2450901875134379E-004   1.0872956878012339E-012   1.2450901983863949E-004  0.952473581    
   5.9684407897293550E-003   1.7878001946197591E-004   1.7878001946197591E-004   2.1756410261793855E-012   1.7878002163761693E-004  0.942360938    
   6.5902848728001144E-003   2.5582411470116175E-004   2.5582411470116175E-004   4.3532456905562084E-012   2.5582411905440743E-004  0.930177271    
   7.2769178077578519E-003   3.6466159124861984E-004   3.6466159124861984E-004   8.7100790978010456E-012   3.6466159995869894E-004  0.915537417    
   8.0350907519459707E-003   5.1758764139259378E-004   5.1758764139259378E-004   1.7426518491869330E-011   5.1758765881911224E-004  0.898001909    
   8.8722556829452532E-003   7.3129794740179244E-004   7.3129794740179244E-004   3.4863715354507944E-011   7.3129798226550776E-004  0.877081215    
   9.7966445609927195E-003   1.0279715192809474E-003   1.0279715192809474E-003   6.9743917927854880E-011   1.0279715890248653E-003  0.852241278    
   1.0817344300448895E-002   1.4368716743860389E-003   1.4368716743860389E-003   1.3950882088606911E-010   1.4368718138948599E-003  0.822921991    
   1.1944388970732692E-002   1.9958903480057208E-003   1.9958903480057208E-003   2.7903028875351406E-010   1.9958906270360097E-003  0.788565278    
   1.3188858516514300E-002   2.7529074376928908E-003   2.7529074376928908E-003   5.5801446948187131E-010   2.7529079957073601E-003  0.748662353    
   1.4562988653779026E-002   3.7676815034105734E-003   3.7676815034105734E-003   1.1157634448065806E-009   3.7676826191740181E-003  0.702823162    
   1.6080286353826523E-002   5.1112356554606090E-003   5.1112356554606090E-003   2.2305716846383534E-009   5.1112378860322938E-003  0.650871515    
   1.7755670472979553E-002   6.8663894200754333E-003   6.8663894200754333E-003   4.4582048019901395E-009   6.8663938782802351E-003  0.592967987    
   1.9605610519647595E-002   9.1245112815233620E-003   9.1245112815233620E-003   8.9080263592690406E-009   9.1245201895497220E-003  0.529754579    
   2.1648293361067772E-002   1.1978853855397860E-002   1.1978853855397860E-002   1.7793193505083451E-008   1.1978871648591365E-002  0.462501645    
   2.3903800174593925E-002   1.5523375154639002E-002   1.5523375154639002E-002   3.5525864930173274E-008   1.5523410680503932E-002  0.393220961    
   2.6394305750727654E-002   1.9838900367253935E-002   1.9838900367253935E-002   7.0894807976613002E-008   1.9838971262061911E-002  0.324681282    
   2.9144294559955593E-002   2.5003044920263034E-002   2.5003044920263034E-002   1.4138882172514087E-007   2.5003186309084758E-002  0.260243654    
   3.2180801033973701E-002   3.1102281985975054E-002   3.1102281985975054E-002   2.8176571257944319E-007   3.1102563751687632E-002  0.203429744    
   3.5533674061298370E-002   3.8270836203364869E-002   3.8270836203364869E-002   5.6099940484232383E-007   3.8271397202769709E-002  0.157188118    
   3.9235882461071007E-002   4.6786015863420606E-002   4.6786015863420606E-002   1.1157126780691331E-006   4.6787131576098678E-002  0.122961029    
   4.3323814868927002E-002   5.7163993641080192E-002   5.7163993641080192E-002   2.2159151026418106E-006   5.7166209556182832E-002   9.98881757E-02
   4.7656197100877769E-002   6.9677964998447764E-002   6.9677964998447764E-002   4.2800977542643454E-006   6.9682245096202022E-002   8.52055475E-02
   5.1988579332828529E-002   8.4333848280652005E-002   8.4333848280652005E-002   7.7941533632293920E-006   8.4341642434015235E-002   7.47788176E-02
   5.6320961564779275E-002  0.10124271880392625       0.10124271880392625        1.3506578147476199E-005  0.10125622538207373        6.54103532E-02
   6.0653343796730055E-002  0.12026785907002999       0.12026785907002999        2.2435152339635492E-005  0.12029029422236963        5.62740304E-02
   6.4985722303390517E-002  0.14096081090549045       0.14096081090549045        3.5926482756178580E-005  0.14099673738824664        4.78749387E-02
   6.9318108260631561E-002  0.16242200039482599       0.16242200039482599        5.5720505908191541E-005  0.16247772090073417        4.09623869E-02
   7.3650486767292023E-002  0.18330287068980780       0.18330287068980780        8.4018692014989441E-005  0.18338688938182279        3.58433463E-02
   7.7982872724533067E-002  0.20244311329644996       0.20244311329644996        1.2355568673453007E-004  0.20256666898318448        3.22342850E-02
   8.2315251231193529E-002  0.21935023086559188       0.21935023086559188        1.7767200093587272E-004  0.21952790286652776        2.95114666E-02
   8.6647629737854004E-002  0.23418642747386301       0.23418642747386301        2.5038809438038305E-004  0.23443681556824339        2.70849057E-02
   9.0980015695095062E-002  0.24759020989242098       0.24759020989242098        3.4647715863978082E-004  0.24793668705106076        2.46535577E-02
   9.6368782222270966E-002  0.26394235649136749       0.26394235649136749        5.0713764423584377E-004  0.26444949413560331        2.16717999E-02
  0.10175754129886626       0.28229861817622237       0.28229861817622237        7.2538835081748128E-004  0.28302400652703985        1.90898739E-02
  0.10714630782604216       0.30520348194496050       0.30520348194496050        1.0162528696022308E-003  0.30621973481456272        1.71488449E-02
  0.11253507435321806       0.33384126238363582       0.33384126238363582        1.3972286291261782E-003  0.33523849101276199        1.57335475E-02
  0.11792384088039397       0.36765375604908118       0.36765375604908118        1.8884190920358986E-003  0.36954217514111709        1.45293633E-02
  0.12331259995698926       0.40428898189778756       0.40428898189778756        2.5126317278512202E-003  0.40680161362563877        1.33148553E-02
  0.12870137393474582       0.44039357515118660       0.44039357515118660        3.2954454780944227E-003  0.44368902062928101        1.20983403E-02
  0.13409014046192172       0.47277686584344181       0.47277686584344181        4.2652233284987935E-003  0.47704208917194058        1.10221328E-02
  0.13947889208793640       0.49946249728803033       0.49946249728803033        5.4531009284698537E-003  0.50491559821650023        1.01787904E-02
  0.14486765861511230       0.51977125827024728       0.51977125827024728        6.8929386690006408E-003  0.52666419693924793        9.52273328E-03
  0.15025642514228821       0.53504742173672915       0.53504742173672915        8.6212005504268888E-003  0.54366862228715607        8.93098302E-03
  0.15564519166946411       0.54824729931227267       0.54824729931227267        1.0676830706090306E-002  0.55892413001836294        8.32198281E-03
  0.16103395819664001       0.56327204718629731       0.56327204718629731        1.3101074456764195E-002  0.57637312164306154        7.71134580E-03
  0.16642272472381592       0.58285640989217558       0.58285640989217558        1.5937266177605783E-002  0.59879367606978140        7.16778496E-03
  0.17181149125099179       0.60980881907460660       0.60980881907460660        1.9230597877119216E-002  0.62903941695172583        6.73097977E-03
  0.17720025777816775       0.64241304427115919       0.64241304427115919        2.3027848550904475E-002  0.66544089282206365        6.37462037E-03
  0.18258900940418243       0.67928968744861107       0.67928968744861107        2.7377085747515965E-002  0.70666677319612703        6.03922596E-03
  0.18797777593135831       0.71754312652400987       0.71754312652400987        3.2327424990261561E-002  0.74987055151427140        5.69018442E-03
  0.19336654245853424       0.75375906019309258       0.75375906019309258        3.7928633646170461E-002  0.79168769383926307        5.34193590E-03
  0.19875530898571014       0.78502028592405615       0.78502028592405615        4.4230881947737083E-002  0.82925116787179320        5.03197173E-03
  0.20414407551288605       0.80934766712763517       0.80934766712763517        5.1284386031008503E-002  0.86063205315864366        4.77824733E-03
  0.20953284204006195       0.82734553077016471       0.82734553077016471        5.9139140284962033E-002  0.88648467105512674        4.56304057E-03
  0.21492160856723788       0.84173089821017932       0.84173089821017932        6.7844570281699074E-002  0.90957546849187842        4.35383199E-03
  0.22031037509441379       0.85532341268997325       0.85532341268997325        7.7449285690196434E-002  0.93277269838016963        4.13503125E-03
  0.22569914162158966       0.87101069960264665       0.87101069960264665        8.8000768794362277E-002  0.95901146839700890        3.91850807E-03
  0.23108789324760434       0.89105126912427768       0.89105126912427768        9.9545136399300099E-002  0.99059640552357775        3.72630334E-03
  0.23647665977478027       0.91645225769156369       0.91645225769156369       0.11212699863426125        1.0285792563258249        3.56646487E-03
  0.24186542630195618       0.94677878963815010       0.94677878963815010       0.12578907137328374        1.0725678610114338        3.42623563E-03
  0.24725419282913208       0.98034438973966354       0.98034438973966354       0.14057214250322045        1.1209165322428840        3.28647811E-03
  0.25264295935630798        1.0145890298467026        1.0145890298467026       0.15651485921345681        1.1711038890601595        3.14025395E-03
  0.25803172588348389        1.0467727777205489        1.0467727777205489       0.17365362891238245        1.2204264066329313        2.99698976E-03
  0.26342049241065979        1.0749034418314150        1.0749034418314150       0.19202246396309955        1.2669259057945146        2.87024560E-03
  0.26880925893783575        1.0983066306660301        1.0983066306660301       0.21165298818839881        1.3099596188544289        2.76323711E-03
  0.27419802546501160        1.1175289003887774        1.1175289003887774       0.23257430532187429        1.3501032057106517        2.66647991E-03
  0.27958679199218750        1.1338481706679551        1.1338481706679551       0.25481299358938514        1.3886611642573401        2.56820535E-03
  0.28497555851936335        1.1491297116042509        1.1491297116042509       0.27839316240206979        1.4275228740063208        2.46569864E-03
  0.29036432504653931        1.1659862789943714        1.1659862789943714       0.30333640331382544        1.4693226823081968        2.36635609E-03
  0.29575309157371527        1.1857952980535695        1.1857952980535695       0.32966181095555119        1.5154571090091207        2.27873377E-03
  0.30114182829856878        1.2089257564702796        1.2089257564702796       0.35738599053502229        1.5663117470053018        2.20360467E-03
  0.30653059482574463        1.2351547437414045        1.2351547437414045       0.38652356830608847        1.6216783120474929        2.13379576E-03
  0.31191936135292053        1.2638212637930277        1.2638212637930277       0.41708654998944933        1.6809078137824771        2.06190068E-03
  0.31730812788009644        1.2927227598200692        1.2927227598200692       0.44908491730767242        1.7418076771277415        1.98733946E-03
  0.32269689440727234        1.3204665643309010        1.3204665643309010       0.48252656747865330        1.8029931318095542        1.91588409E-03
  0.32808566093444824        1.3464101295884126        1.3464101295884126       0.51741751580611961        1.8638276453945322        1.85298244E-03
  0.33347442746162415        1.3690274956531252        1.3690274956531252       0.55376195815984908        1.9227894538129742        1.79816992E-03
  0.33886319398880005        1.3885954860811103        1.3885954860811103       0.59156232172536183        1.9801578078064721        1.74597476E-03
  0.34425196051597590        1.4067668355348681        1.4067668355348681       0.63081964591879569        2.0375864814536637        1.69170613E-03
  0.34964072704315191        1.4239372003151642        1.4239372003151642       0.67153347182810730        2.0954706721432714        1.63586240E-03
  0.35502949357032781        1.4420353881216852        1.4420353881216852       0.71370198111616256        2.1557373692378476        1.58293103E-03
  0.36041826009750366        1.4613412213980428        1.4613412213980428       0.75732242187666343        2.2186636432747062        1.53635722E-03
  0.36580702662467957        1.4820261036176430        1.4820261036176430       0.80239078241625983        2.2844168860339029        1.49507646E-03
  0.37119579315185547        1.5053200583193620        1.5053200583193620       0.84890231818684048        2.3542223765062023        1.45490095E-03
  0.37658455967903137        1.5293116331819050        1.5293116331819050       0.89685153856453015        2.4261631717464351        1.41289202E-03
  0.38197332620620728        1.5541355601555471        1.5541355601555471       0.94623227600371917        2.5003678361592661        1.37006585E-03
  0.38736209273338318        1.5781312182450276        1.5781312182450276       0.99703787068937877        2.5751690889344063        1.32989418E-03
  0.39275082945823669        1.6014611795467013        1.6014611795467013        1.0492609020068384        2.6507220815535399        1.29449985E-03
  0.39813959598541260        1.6227483121000956        1.6227483121000956        1.1028946673101174        2.7256429794102131        1.26256666E-03
  0.40352836251258850        1.6428089484134352        1.6428089484134352        1.1579312865998324        2.8007402350132677        1.23089307E-03
  0.40891712903976440        1.6617980073751846        1.6617980073751846        1.2143630511647998        2.8761610585399842        1.19769806E-03
  0.41430589556694031        1.6800450753779665        1.6800450753779665        1.2721823400645167        2.9522274154424832        1.16420840E-03
  0.41969466209411621        1.6982205395928827        1.6982205395928827        1.3313815834214175        3.0296021230143002        1.13309151E-03
  0.42508342862129211        1.7171444777437443        1.7171444777437443        1.3919530850567965        3.1090975628005406        1.10558327E-03
  0.43047219514846802        1.7366313941130465        1.7366313941130465        1.4538898344343629        3.1905212285474094        1.08030951E-03
  0.43586096167564392        1.7572543154610043        1.7572543154610043        1.5171845722881170        3.2744388877491213        1.05483551E-03
  0.44124972820281982        1.7783457148013979        1.7783457148013979        1.5818306839251723        3.3601763987265700        1.02815509E-03
  0.44663849472999573        1.7998638518417287        1.7998638518417287        1.6478217654616665        3.4476856173033950        1.00153533E-03
  0.45202726125717163        1.8211289057685944        1.8211289057685944        1.7151518422047893        3.5362807479733838        9.77005344E-04
  0.45741602778434753        1.8422665325831016        1.8422665325831016        1.7838151496685106        3.6260816822516122        9.55202791E-04
  0.46280479431152344        1.8623012067440134        1.8623012067440134        1.8538068050123968        3.7161080117564103        9.34801472E-04
  0.46819356083869934        1.8820029065863899        1.8820029065863899        1.9251218634076033        3.8071247699939930        9.13967844E-04
  0.47358232736587524        1.9005969546005350        1.9005969546005350        1.9977563352400070        3.8983532898405420        8.92216573E-04
  0.47897109389305115        1.9189507765263296        1.9189507765263296        2.0717062785357729        3.9906570550621026        8.70761462E-04
  0.48435983061790466        1.9371989572447941        1.9371989572447941        2.1469679348024302        4.0841668920472243        8.51124350E-04
  0.48974859714508057        1.9554033069967072        1.9554033069967072        2.2235395138107896        4.1789428208074968        8.33540456E-04
  0.49513736367225647        1.9740790563789159        1.9740790563789159        2.3014181979243133        4.2754972543032288        8.16788524E-04
  0.50052613019943237        1.9928341471091799        1.9928341471091799        2.3806021221774518        4.3734362692866320        7.99507892E-04
  0.50591492652893066        2.0120876098776388        2.0120876098776388        2.4610902995029758        4.4731779093806150        7.81561306E-04
  0.51130366325378418        2.0314938784355565        2.0314938784355565        2.5428802890655295        4.5743741675010856        7.64060009E-04
  0.51669245958328247        2.0508009501049851        2.0508009501049851        2.6259734753656492        4.6767744254706347        7.48122518E-04
  0.52208119630813599        2.0700407231047429        2.0700407231047429        2.7103678026756883        4.7804085257804312        7.33717927E-04
  0.52746993303298950        2.0889201542711127        2.0889201542711127        2.7960643106686187        4.8849844649397314        7.19756703E-04
  0.53285872936248779        2.1073745794701666        2.1073745794701666        2.8830646894964396        4.9904392689666057        7.05250946E-04
  0.53824746608734131        2.1256544641307844        2.1256544641307844        2.9713679432663143        5.0970224073970982        6.90292043E-04
  0.54363626241683960        2.1434320513870593        2.1434320513870593        3.0609768883392010        5.2044089397262603        6.75864518E-04
  0.54902499914169312        2.1611805718524399        2.1611805718524399        3.1518914408399716        5.3130720126924116        6.62768201E-04
  0.55441379547119141        2.1788209172889057        2.1788209172889057        3.2441150107745451        5.4229359280634508        6.50800241E-04
  0.55980253219604492        2.1964297368617425        2.1964297368617425        3.3376476841710225        5.5340774210327650        6.39013248E-04
  0.56519132852554321        2.2142213437423934        2.2142213437423934        3.4324936687567442        5.6467150124991381        6.26712921E-04
  0.57058006525039673        2.2321018253515637        2.2321018253515637        3.5286534202180655        5.7607552455696291        6.14134595E-04
  0.57596886157989502        2.2499722840800964        2.2499722840800964        3.6261313115521858        5.8761035956322818        6.02128857E-04
  0.58135759830474854        2.2678589842908461        2.2678589842908461        3.7249279080960629        5.9927868923869090        5.91243675E-04
  0.58674639463424683        2.2857210778486357        2.2857210778486357        3.8250484107427454        6.1107694885913810        5.81172178E-04
  0.59213513135910034        2.3033295366028819        2.3033295366028819        3.9264932533208703        6.2298227899237517        5.71108307E-04
  0.59752392768859863        2.3208693890898751        2.3208693890898751        4.0292675003747211        6.3501368894645962        5.60587854E-04
  0.60291266441345215        2.3382272486739337        2.3382272486739337        4.1333721578079654        6.4715994064818991        5.49930555E-04
  0.60830146074295044        2.3552774534938132        2.3552774534938132        4.2388123945716565        6.5940898480654697        5.39854693E-04
  0.61369019746780396        2.3722997770255803        2.3722997770255803        4.3455890516764821        6.7178888287020619        5.30710968E-04
  0.61907899379730225        2.3891964808608210        2.3891964808608210        4.4537071012488409        6.8429035821096615        5.22136339E-04
  0.62446773052215576        2.4060431154287150        2.4060431154287150        4.5631674817253662        6.9692105971540812        5.13459439E-04
  0.62985646724700928        2.4228559296410483        2.4228559296410483        4.6739742394051156        7.0968301690461644        5.04395110E-04
  0.68127381801605225        2.5809325995924088        2.5809325995924088        5.7994907907020918        8.3804233902945011        4.31071850E-04
  0.73688852787017822        2.7446209060446369        2.7446209060446369        7.1574588137380726        9.9020797197827086        3.68034351E-04
  0.79704326391220093        2.9141006397131854        2.9141006397131854        8.7919123650056612        11.706013004718846        3.14573292E-04
  0.86210858821868896        3.0895509260690113        3.0895509260690113        10.752410270087566        13.841961196156577        2.68922216E-04
  0.93248546123504639        3.2707297578312904        3.2707297578312904        13.093485202545782        16.364214960377073        2.30060279E-04
   1.0086073875427246        3.4579294248897603        3.4579294248897603        15.873695088720444        19.331624513610205        1.96614536E-04
   1.0909434556961060        3.6508426106380463        3.6508426106380463        19.154144888556647        22.804987499194695        1.68094324E-04
   1.1800009012222290        3.8496018801058187        3.8496018801058187        22.996291424857617        26.845893304963436        1.43611862E-04
   1.2763283252716064        4.0542142494440370        4.0542142494440370        27.459058027390533        31.513272276834570        1.22774261E-04
   1.3805193901062012        4.2645769613114757        4.2645769613114757        32.595600134202520        36.860177095513997        1.04974119E-04
   1.4932159185409546        4.4806507041162815        4.4806507041162815        38.450329720217354        42.930980424333633        8.96829370E-05
   1.6151121854782104        4.7024870178732483        4.7024870178732483        45.056919378172580        49.759406396045826        7.66493031E-05
   1.7469592094421387        4.9300202252674676        4.9300202252674676        52.437301535544812        57.367321760812281        6.55319236E-05
   1.8895695209503174        5.1631695902335419        5.1631695902335419        60.601041755749144        65.764211345982687        5.60133085E-05
   1.9711295366287231        5.2910704901302141        5.2910704901302141        65.321415423349862        70.612485913480072        5.14824860E-05
   2.4582746028900146        5.9858040848268272        5.9858040848268272        93.636296797605993        99.622100882432818        3.30921066E-05
   3.0658125877380367        6.7240239812868721        6.7240239812868721        128.11454167241007        134.83856565369695        2.12778759E-05
   3.8234977722167969        7.5048164418741674        7.5048164418741674        169.42708587190398        176.93190231377815        1.36812014E-05
   4.7684373855590820        8.3270934962212646        8.3270934962212646        218.73645416341861        227.06354765963988        8.79625168E-06
   5.9469089508056632        9.1897454212493646        9.1897454212493646        277.11963409083324        286.30937951208261        5.65499931E-06
   7.4166288375854492        10.091761379958244        10.091761379958244        345.38328138374936        355.47504276370762        3.63597087E-06
   9.2495746612548828        11.031971084246077        11.031971084246077        423.66042093386079        434.69239201810689        2.33764285E-06
   11.535514831542971        12.009168885676566        12.009168885676566        511.87573849054570        523.88490737622226        1.50298160E-06
   14.386403083801270        13.022065650302986        13.022065650302986        609.54144669775201        622.56351234805504        9.66339485E-07
   17.941860198974609        14.069214289545144        14.069214289545144        716.04411935511303        730.11333364465816        6.21291520E-07
   22.376010894775387        15.149111426577287        15.149111426577287        830.60579904767371        845.75491047425101        3.99450556E-07
   27.906021118164059        16.259861422167241        16.259861422167241        952.28772515578510        968.54758657795230        2.56822347E-07
   34.802715301513665        17.399013561621512        17.399013561621512        1080.1964889157957        1097.5955024774173        1.65121946E-07
   43.403861999511719        18.563254315665311        18.563254315665311        1214.0012081736234        1232.5644624892886        1.06162965E-07
   54.130695343017578        19.747765811544692        19.747765811544692        1353.2861959386280        1373.0339617501727        6.82563623E-08
   67.508560180664062        20.945597615276860        20.945597615276860        1497.1293702041785        1518.0749678194554        4.38846612E-08
   84.192626953125000        22.146017302015942        22.146017302015942        1645.5628583391397        1667.7088756411556        2.82151369E-08
   104.99999237060543        23.333533809578313        23.333533809578313        1798.9358364108393        1822.2693702204176        1.81405859E-08
