   1.0497607945580963E-005   3.1663939435455557E-015   3.1663939435455557E-015   1.6475964075536932E-014   1.9642358019082486E-014
   1.1591339898586732E-005   4.6756130135445553E-015   4.6756130135445553E-015   2.2180979073864164E-014   2.6856592087408720E-014
   1.2799026990251152E-005   6.9041824179474443E-015   6.9041824179474443E-015   2.9861436139417841E-014   3.6765618557365284E-014
   1.4132539945421730E-005   1.0194965750887974E-014   1.0194965750887974E-014   4.0201333021786308E-014   5.0396298772674283E-014
   1.5604990039719259E-005   1.5054256581260887E-014   1.5054256581260887E-014   5.4121556280337220E-014   6.9175812861598107E-014
   1.7230853700311858E-005   2.2229666902367325E-014   2.2229666902367325E-014   7.2861846657548634E-014   9.5091513559915952E-014
   1.9026114387088472E-005   3.2825143435019196E-014   3.2825143435019196E-014   9.8091211694649700E-014   1.3091635512966891E-013
   2.1008419935242280E-005   4.8470804000125114E-014   4.8470804000125114E-014   1.3205655352588843E-013   1.8052735752601354E-013
   2.3197258997242881E-005   7.1573753815652166E-014   7.1573753815652166E-014   1.7778284023927526E-013   2.4935659405492744E-013
   2.5614152036723674E-005   1.0568843940026277E-013   1.0568843940026277E-013   2.3934245313482572E-013   3.4503089253508848E-013
   2.8282855055294934E-005   1.5606337374111267E-013   1.5606337374111267E-013   3.2221780326165273E-013   4.7828117700276535E-013
   3.1229610613081618E-005   2.3044894257171680E-013   2.3044894257171680E-013   4.3378996060719068E-013   6.6423890317890748E-013
   3.4483382478356355E-005   3.4028932441025604E-013   3.4028932441025604E-013   5.8399531980478691E-013   9.2428464421504295E-013
   3.8076159398769946E-005   5.0248358454758817E-013   5.0248358454758817E-013   7.8621114823681373E-013   1.2886947327844018E-012
   4.2043262510560433E-005   7.4198549845980654E-013   7.4198549845980654E-013   1.0584467585863185E-012   1.8004322570461251E-012
   4.6423694584518691E-005   1.0956428935596378E-012   1.0956428935596378E-012   1.4249475867070801E-012   2.5205904802667177E-012
   5.1260518375784186E-005   1.6178663574443341E-012   1.6178663574443341E-012   1.9183540799239866E-012   3.5362204373683207E-012
   5.6601285905344405E-005   2.3890008539554086E-012   2.3890008539554086E-012   2.5826091336855672E-012   4.9716099876409754E-012
   6.2498496845364544E-005   3.5276854059516873E-012   3.5276854059516873E-012   3.4768704235925342E-012   7.0045558295442215E-012
   6.9010129664093242E-005   5.2091082120507690E-012   5.2091082120507690E-012   4.6807805686554012E-012   9.8898887807061702E-012
   7.6200209150556434E-005   7.6919615070817480E-012   7.6919615070817480E-012   6.3015624141243527E-012   1.3993523921206100E-011
   8.4139406681060791E-005   1.1358230429134365E-011   1.1358230429134365E-011   8.4835590602880949E-012   1.9841789489422462E-011
   9.2905778728891164E-005   1.6771976738471551E-011   1.6771976738471551E-011   1.1421099069484259E-011   2.8193075807955810E-011
   1.0258550901198752E-004   2.4766113309430904E-011   2.4766113309430904E-011   1.5375801656914000E-011   4.0141914966344907E-011
   1.1327375977998591E-004   3.6570550059241277E-011   3.6570550059241277E-011   2.0699870361846436E-011   5.7270420421087713E-011
   1.2507560313679289E-004   5.4001409739125957E-011   5.4001409739125957E-011   2.7867464625339537E-011   8.1868874364465491E-011
   1.3810706150252369E-004   7.9740445853497331E-011   7.9740445853497331E-011   3.7516927051627909E-011   1.1725737290512525E-010
   1.5249625721480703E-004   1.1774766490658540E-010   1.1774766490658540E-010   5.0507645236612758E-011   1.6825531014319816E-010
   1.6838463488966221E-004   1.7387047822577563E-010   1.7387047822577563E-010   6.7996554824395443E-011   2.4186703305017109E-010
   1.8592840933706603E-004   2.5674350769115146E-010   2.5674350769115146E-010   9.1541224552271295E-011   3.4828473224342274E-010
   2.0530004985630496E-004   3.7911687744855291E-010   3.7911687744855291E-010   1.2323854063396620E-010   5.0235541808251911E-010
   2.2668998281005773E-004   5.5981774885554448E-010   5.5981774885554448E-010   1.6591141223732601E-010   7.2572916109287053E-010
   2.5030851247720415E-004   8.2664733061703965E-010   8.2664733061703965E-010   2.2336031761486435E-010   1.0500076482319040E-009
   2.7638784376904352E-004   1.2206579515262911E-009   1.2206579515262911E-009   3.0070166025354410E-010   1.5213596117798351E-009
   3.0518430867232361E-004   1.8024676594459761E-009   1.8024676594459761E-009   4.0482326705865151E-010   2.2072909265046275E-009
   3.3698105835355824E-004   2.6615895646554083E-009   2.6615895646554083E-009   5.4499825639052428E-010   3.2065878210459327E-009
   3.7209066795185214E-004   3.9302002834038267E-009   3.9302002834038267E-009   7.3371047320530923E-010   4.6639107566091360E-009
   4.1085830889642222E-004   5.8034775941609064E-009   5.8034775941609064E-009   9.8776645746963314E-010   6.7912440516305395E-009
   4.5366509584710002E-004   8.5696271488151029E-009   8.5696271488151029E-009   1.3297922027280918E-009   9.8994193515431951E-009
   5.0093187019228914E-004   1.2654225143744793E-008   1.2654225143744793E-008   1.7902479738039087E-009   1.4444473117548702E-008
   5.5312330368906249E-004   1.8685691478915413E-008   1.8685691478915413E-008   2.4101413583592574E-009   2.1095832837274670E-008
   6.1075249686837186E-004   2.7591975672057125E-008   2.7591975672057125E-008   3.2446787004507580E-009   3.0836654372507881E-008
   6.7438598489388834E-004   4.0743317103544029E-008   4.0743317103544029E-008   4.3681817782443457E-009   4.5111498881788376E-008
   7.4464938370510947E-004   6.0163074437298346E-008   6.0163074437298346E-008   5.8807072815377705E-009   6.6043781718836117E-008
   8.2223338540643454E-004   8.8838978517654688E-008   8.8838978517654688E-008   7.9169540117563269E-009   9.6755932529411012E-008
   9.0790080139413443E-004   1.3118288341652709E-007   1.3118288341652709E-007   1.0658263382888960E-008   1.4184114679941604E-007
   1.0024937801063061E-003   1.9370943167071582E-007   1.9370943167071582E-007   1.4348762980107549E-008   2.0805819465082336E-007
   1.1069423053413627E-003   2.8597592264983240E-007   2.8597592264983240E-007   1.9317106167594046E-008   3.0529302881742647E-007
   1.2222731020301583E-003   4.2195134428645156E-007   4.2195134428645156E-007   2.6005730869516360E-008   4.4795707515596791E-007
   1.3496201718226077E-003   6.2217228668753823E-007   6.2217228668753823E-007   3.5010279772499726E-008   6.5718256646003800E-007
   1.4902353286743162E-003   9.1672313663377082E-007   9.1672313663377082E-007   4.7132591953709482E-008   9.6385572858748036E-007
   1.6455008881166577E-003   1.3495899124673748E-006   1.3495899124673748E-006   6.3452113768835571E-008   1.4130420262362104E-006
   1.8169435206800699E-003   1.9849510902938428E-006   1.9849510902938428E-006   8.5422020598079881E-008   2.0703731108919225E-006
   2.0062483381479974E-003   2.9163233376076976E-006   2.9163233376076976E-006   1.1499848601798296E-007   3.0313218236256805E-006
   2.2152769379317752E-003   4.2795214215816846E-006   4.2795214215816846E-006   1.5481497368187604E-007   4.4343363952635603E-006
   2.4460835848003626E-003   6.2714993350305777E-006   6.2714993350305777E-006   2.0841626024596815E-007   6.4799155952765456E-006
   2.7009379118680945E-003   9.1769721345771406E-006   9.1769721345771406E-006   2.8057431835481148E-007   9.4575464529319523E-006
   2.9823449440300460E-003   1.3406060892270862E-005   1.3406060892270862E-005   3.7771230484450429E-007   1.3783773197115366E-005
   3.2930714078247538E-003   1.9548506507712488E-005   1.9548506507712488E-005   5.0847632016746599E-007   2.0056982827879952E-005
   3.6361722741276017E-003   2.8447484375687245E-005   2.8447484375687245E-005   6.8450398034127604E-007   2.9131988356028523E-005
   4.0150200948119172E-003   4.1306155053201758E-005   4.1306155053201758E-005   9.2145839488920147E-007   4.2227613448090957E-005
   4.4333399273455134E-003   5.9832209597835086E-005   5.9832209597835086E-005   1.2404206066275913E-006   6.1072630204462672E-005
   4.8952437937259674E-003   8.6435729918857380E-005   8.6435729918857380E-005   1.6697604668332166E-006   8.8105490385690603E-005
   5.4052728228271025E-003   1.2450901875134422E-004   1.2450901875134422E-004   2.2476543943966711E-006   1.2675667314574089E-004
   5.9684407897293550E-003   1.7878001946197591E-004   1.7878001946197591E-004   3.0254703685621725E-006   1.8180548983053808E-004
   6.5902848728001144E-003   2.5582411470116175E-004   2.5582411470116175E-004   4.0723191258185716E-006   2.5989643382698033E-004
   7.2769178077578519E-003   3.6466159124862017E-004   3.6466159124862017E-004   5.4811649809326406E-006   3.7014275622955284E-004
   8.0350907519459707E-003   5.1758764139259335E-004   5.1758764139259335E-004   7.3770445508209273E-006   5.2496468594341432E-004
   8.8722556829452532E-003   7.3129794740179439E-004   7.3129794740179439E-004   9.9280832836951704E-006   7.4122603068548952E-004
   9.7966445609927195E-003   1.0279715192809482E-003   1.0279715192809482E-003   1.3360305911735431E-005   1.0413318251926837E-003
   1.0817344300448895E-002   1.4368716743860389E-003   1.4368716743860389E-003   1.7977453464182234E-005   1.4548491278502211E-003
   1.1944388970732692E-002   1.9958903480057264E-003   1.9958903480057264E-003   2.4187565673866310E-005   2.0200779136795928E-003
   1.3188858516514300E-002   2.7529074376928882E-003   2.7529074376928882E-003   3.2538524767002238E-005   2.7854459624598905E-003
   1.4562988653779026E-002   3.7676815034105734E-003   3.7676815034105734E-003   4.3765581992437009E-005   3.8114470854030105E-003
   1.6080286353826523E-002   5.1112356554606142E-003   5.1112356554606142E-003   5.8854689308027476E-005   5.1700903447686420E-003
   1.7755670472979553E-002   6.8663894200754272E-003   6.8663894200754272E-003   7.9126908716165657E-005   6.9455163287915926E-003
   1.9605610519647595E-002   9.1245112815233551E-003   9.1245112815233551E-003   1.0635039408004580E-004   9.2308616756034013E-003
   2.1648293361067772E-002   1.1978853855397870E-002   1.1978853855397870E-002   1.4288868363484145E-004   1.2121742539032712E-002
   2.3903800174593925E-002   1.5523375154639002E-002   1.5523375154639002E-002   1.9189623642832250E-004   1.5715271391067324E-002
   2.6394305750727654E-002   1.9838900367253946E-002   1.9838900367253946E-002   2.5757500411991905E-004   2.0096475371373865E-002
   2.9144294559955593E-002   2.5003044920263104E-002   2.5003044920263104E-002   3.4550913707217547E-004   2.5348554057335278E-002
   3.2180801033973701E-002   3.1102281985975068E-002   3.1102281985975068E-002   4.6309827717280218E-004   3.1565380263147869E-002
   3.5533674061298370E-002   3.8270836203364869E-002   3.8270836203364869E-002   6.2011294675249858E-004   3.8890949150117371E-002
   3.9235882461071007E-002   4.6786015863420731E-002   4.6786015863420731E-002   8.2939913090802073E-004   4.7615414994328753E-002
   4.3323814868927002E-002   5.7163993641080220E-002   5.7163993641080220E-002   1.1077547509743952E-003   5.8271748392054616E-002
   4.7656197100877769E-002   6.9677964998447819E-002   6.9677964998447819E-002   1.4608504202206463E-003   7.1138815418668469E-002
   5.1988579332828529E-002   8.4333848280652088E-002   8.4333848280652088E-002   1.8775394159088145E-003   8.6211387696560907E-002
   5.6320961564779275E-002  0.10124271880392625       0.10124271880392625        2.3611895593341078E-003  0.10360390836326036     
   6.0653343796730055E-002  0.12026785907003010       0.12026785907003010        2.9146260769343491E-003  0.12318248514696445     
   6.4985722303390517E-002  0.14096081090549048       0.14096081090549048        3.5401195068145604E-003  0.14450093041230505     
   6.9318108260631561E-002  0.16242200039482599       0.16242200039482599        4.2393809021096605E-003  0.16666138129693564     
   7.3650486767292023E-002  0.18330287068980808       0.18330287068980808        5.0135568010515946E-003  0.18831642749085967     
   7.7982872724533067E-002  0.20244311329644990       0.20244311329644990        5.8632441530013391E-003  0.20830635744945125     
   8.2315251231193529E-002  0.21935023086559180       0.21935023086559180        6.7884891640082393E-003  0.22613872002960003     
   8.6647629737854004E-002  0.23418642747386315       0.23418642747386315        7.7888167719621804E-003  0.24197524424582534     
   9.0980015695095062E-002  0.24759020989242092       0.24759020989242092        8.8632460925862477E-003  0.25645345598500718     
   9.6368782222270966E-002  0.26394235649136738       0.26394235649136738        1.0300813877474696E-002  0.27424317036884205     
  0.10175754129886626       0.28229861817622254       0.28229861817622254        1.1846949011702119E-002  0.29414556718792467     
  0.10714630782604216       0.30520348194496050       0.30520348194496050        1.3496902678948326E-002  0.31870038462390882     
  0.11253507435321806       0.33384126238363576       0.33384126238363576        1.5245048395231829E-002  0.34908631077886759     
  0.11792384088039397       0.36765375604908113       0.36765375604908113        1.7085015614575431E-002  0.38473877166365655     
  0.12331259995698926       0.40428898189778728       0.40428898189778728        1.9009794612472701E-002  0.42329877651025999     
  0.12870137393474582       0.44039357515118643       0.44039357515118643        2.1011878742170680E-002  0.46140545389335713     
  0.13409014046192172       0.47277686584344186       0.47277686584344186        2.3083359533540904E-002  0.49586022537698277     
  0.13947889208793640       0.49946249728803044       0.49946249728803044        2.5216065815075944E-002  0.52467856310310634     
  0.14486765861511230       0.51977125827024728       0.51977125827024728        2.7401684731862875E-002  0.54717294300211017     
  0.15025642514228821       0.53504742173672915       0.53504742173672915        2.9631846805744638E-002  0.56467926854247374     
  0.15564519166946411       0.54824729931227267       0.54824729931227267        3.1898234663187461E-002  0.58014553397546009     
  0.16103395819664001       0.56327204718629709       0.56327204718629709        3.4192678646792096E-002  0.59746472583308918     
  0.16642272472381592       0.58285640989217535       0.58285640989217535        3.6507235095093675E-002  0.61936364498726904     
  0.17181149125099179       0.60980881907460682       0.60980881907460682        3.8834254823563501E-002  0.64864307389817033     
  0.17720025777816775       0.64241304427115864       0.64241304427115864        4.1166443310479341E-002  0.68357948758163800     
  0.18258900940418243       0.67928968744861096       0.67928968744861096        4.3496893357152108E-002  0.72278658080576308     
  0.18797777593135831       0.71754312652400976       0.71754312652400976        4.5819158427053940E-002  0.76336228495106373     
  0.19336654245853424       0.75375906019309291       0.75375906019309291        4.8127248614621303E-002  0.80188630880771417     
  0.19875530898571014       0.78502028592405537       0.78502028592405537        5.0415632737918978E-002  0.83543591866197431     
  0.20414407551288605       0.80934766712763506       0.80934766712763506        5.2679315200741830E-002  0.86202698232837693     
  0.20953284204006195       0.82734553077016459       0.82734553077016459        5.4913711571624217E-002  0.88225924234178876     
  0.21492160856723788       0.84173089821017844       0.84173089821017844        5.7114835300088748E-002  0.89884573351026720     
  0.22031037509441379       0.85532341268997292       0.85532341268997292        5.9279026379694920E-002  0.91460243906966787     
  0.22569914162158966       0.87101069960264632       0.87101069960264632        6.1403226509011227E-002  0.93241392611165752     
  0.23108789324760434       0.89105126912427779       0.89105126912427779        6.3484703491626757E-002  0.95453597261590450     
  0.23647665977478027       0.91645225769156324       0.91645225769156324        6.5521126447231015E-002  0.98197338413879431     
  0.24186542630195618       0.94677878963814932       0.94677878963814932        6.7510772552865056E-002   1.0142895621910144     
  0.24725419282913208       0.98034438973966342       0.98034438973966342        6.9451771822252470E-002   1.0497961615619158     
  0.25264295935630798        1.0145890298467031        1.0145890298467031        7.1343297359783203E-002   1.0859323272064862     
  0.25803172588348389        1.0467727777205489        1.0467727777205489        7.3184114309038678E-002   1.1199568920295875     
  0.26342049241065979        1.0749034418314152        1.0749034418314152        7.4973613470021697E-002   1.1498770553014368     
  0.26880925893783575        1.0983066306660305        1.0983066306660305        7.6711861622094271E-002   1.1750184922881248     
  0.27419802546501160        1.1175289003887776        1.1175289003887776        7.8397892637783823E-002   1.1959267930265614     
  0.27958679199218750        1.1338481706679551        1.1338481706679551        8.0032359783530474E-002   1.2138805304514855     
  0.28497555851936335        1.1491297116042511        1.1491297116042511        8.1615615863846913E-002   1.2307453274680982     
  0.29036432504653931        1.1659862789943718        1.1659862789943718        8.3147129269194639E-002   1.2491334082635663     
  0.29575309157371527        1.1857952980535698        1.1857952980535698        8.4628397262280858E-002   1.2704236953158505     
  0.30114182829856878        1.2089257564702796        1.2089257564702796        8.6059917254391924E-002   1.2949856737246714     
  0.30653059482574463        1.2351547437414043        1.2351547437414043        8.7441424339392629E-002   1.3225961680807969     
  0.31191936135292053        1.2638212637930275        1.2638212637930275        8.8774970321998561E-002   1.3525962341150262     
  0.31730812788009644        1.2927227598200699        1.2927227598200699        9.0061443188372253E-002   1.3827842030084421     
  0.32269689440727234        1.3204665643309015        1.3204665643309015        9.1300314386215331E-002   1.4117668787171169     
  0.32808566093444824        1.3464101295884126        1.3464101295884126        9.2493921171268145E-002   1.4389040507596806     
  0.33347442746162415        1.3690274956531248        1.3690274956531248        9.3644055116907016E-002   1.4626715507700319     
  0.33886319398880005        1.3885954860811112        1.3885954860811112        9.4749501262758162E-002   1.4833449873438693     
  0.34425196051597590        1.4067668355348699        1.4067668355348699        9.5812442732908898E-002   1.5025792782677789     
  0.34964072704315191        1.4239372003151645        1.4239372003151645        9.6835552778306841E-002   1.5207727530934714     
  0.35502949357032781        1.4420353881216854        1.4420353881216854        9.7818035887547353E-002   1.5398534240092328     
  0.36041826009750366        1.4613412213980428        1.4613412213980428        9.8760528348001558E-002   1.5601017497460443     
  0.36580702662467957        1.4820261036176436        1.4820261036176436        9.9665872685352069E-002   1.5816919763029957     
  0.37119579315185547        1.5053200583193631        1.5053200583193631       0.10053598424837441        1.6058560425677375     
  0.37658455967903137        1.5293116331819052        1.5293116331819052       0.10136895033967959        1.6306805835215847     
  0.38197332620620728        1.5541355601555460        1.5541355601555460       0.10216692735539162        1.6563024875109376     
  0.38736209273338318        1.5781312182450280        1.5781312182450280       0.10293274430735794        1.6810639625523860     
  0.39275082945823669        1.6014611795467015        1.6014611795467015       0.10366742794948111        1.7051286074961827     
  0.39813959598541260        1.6227483121000947        1.6227483121000947       0.10436903091566330        1.7271173430157580     
  0.40352836251258850        1.6428089484134341        1.6428089484134341       0.10504009890523122        1.7478490473186652     
  0.40891712903976440        1.6617980073751835        1.6617980073751835       0.10568336372741682        1.7674813711026003     
  0.41430589556694031        1.6800450753779654        1.6800450753779654       0.10629978792608213        1.7863448633040475     
  0.41969466209411621        1.6982205395928820        1.6982205395928820       0.10688705978652151        1.8051075993794035     
  0.42508342862129211        1.7171444777437443        1.7171444777437443       0.10744753744112137        1.8245920151848658     
  0.43047219514846802        1.7366313941130465        1.7366313941130465       0.10798383919918583        1.8446152333122323     
  0.43586096167564392        1.7572543154610030        1.7572543154610030       0.10849769871744411        1.8657520141784472     
  0.44124972820281982        1.7783457148013966        1.7783457148013966       0.10898635144911273        1.8873320662505093     
  0.44663849472999573        1.7998638518417278        1.7998638518417278       0.10945124125676904        1.9093150930984968     
  0.45202726125717163        1.8211289057685944        1.8211289057685944       0.10989478225757199        1.9310236880261664     
  0.45741602778434753        1.8422665325831018        1.8422665325831018       0.11031929891432558        1.9525858314974274     
  0.46280479431152344        1.8623012067440134        1.8623012067440134       0.11072373895347409        1.9730249456974875     
  0.46819356083869934        1.8820029065863897        1.8820029065863897       0.11110677784625889        1.9931096844326486     
  0.47358232736587524        1.9005969546005357        1.9005969546005357       0.11147061899825771        2.0120675735987934     
  0.47897109389305115        1.9189507765263312        1.9189507765263312       0.11181739096661387        2.0307681674929450     
  0.48435983061790466        1.9371989572447945        1.9371989572447945       0.11214894263536522        2.0493478998801598     
  0.48974859714508057        1.9554033069967063        1.9554033069967063       0.11246273883816092        2.0678660458348670     
  0.49513736367225647        1.9740790563789155        1.9740790563789155       0.11275894918481791        2.0868380055637332     
  0.50052613019943237        1.9928341471091802        1.9928341471091802       0.11303945810158561        2.1058736052107658     
  0.50591492652893066        2.0120876098776392        2.0120876098776392       0.11330614161409031        2.1253937514917296     
  0.51130366325378418        2.0314938784355578        2.0314938784355578       0.11356055747541161        2.1450544359109696     
  0.51669245958328247        2.0508009501049860        2.0508009501049860       0.11380022738077918        2.1646011774857650     
  0.52208119630813599        2.0700407231047433        2.0700407231047433       0.11402522798639596        2.1840659510911391     
  0.52746993303298950        2.0889201542711131        2.0889201542711131       0.11423713885974045        2.2031572931308534     
  0.53285872936248779        2.1073745794701675        2.1073745794701675       0.11443755129596478        2.2218121307661320     
  0.53824746608734131        2.1256544641307848        2.1256544641307848       0.11462800453909802        2.2402824686698830     
  0.54363626241683960        2.1434320513870597        2.1434320513870597       0.11480728363512664        2.2582393350221865     
  0.54902499914169312        2.1611805718524399        2.1611805718524399       0.11497408845141126        2.2761546603038512     
  0.55441379547119141        2.1788209172889057        2.1788209172889057       0.11512974600153358        2.2939506632904392     
  0.55980253219604492        2.1964297368617425        2.1964297368617425       0.11527552954806732        2.3117052664098097     
  0.56519132852554321        2.2142213437423943        2.2142213437423943       0.11541276894938310        2.3296341126917772     
  0.57058006525039673        2.2321018253515645        2.2321018253515645       0.11554229055026910        2.3476441159018338     
  0.57596886157989502        2.2499722840800978        2.2499722840800978       0.11566174612442874        2.3656340302045265     
  0.58135759830474854        2.2678589842908465        2.2678589842908465       0.11577161035995390        2.3836305946508003     
  0.58674639463424683        2.2857210778486352        2.2857210778486352       0.11587276806476050        2.4015938459133959     
  0.59213513135910034        2.3033295366028814        2.3033295366028814       0.11596627451656900        2.4192958111194502     
  0.59752392768859863        2.3208693890898746        2.3208693890898746       0.11605322798754276        2.4369226170774172     
  0.60291266441345215        2.3382272486739337        2.3382272486739337       0.11613402981027789        2.4543612784842117     
  0.60830146074295044        2.3552774534938141        2.3552774534938141       0.11620669927904791        2.4714841527728622     
  0.61369019746780396        2.3722997770255811        2.3722997770255811       0.11627184600066136        2.4885716230262425     
  0.61907899379730225        2.3891964808608215        2.3891964808608215       0.11633000539235491        2.5055264862531765     
  0.62446773052215576        2.4060431154287154        2.4060431154287154       0.11638197209215087        2.5224250875208662     
  0.62985646724700928        2.4228559296410488        2.4228559296410488       0.11642867024776851        2.5392845998888172     
  0.68127381801605225        2.5809325995924097        2.5809325995924097       0.11661320231150321        2.6975458019039129     
  0.73688852787017822        2.7446209060446374        2.7446209060446374       0.11639631669838946        2.8610172227430271     
  0.79704326391220093        2.9141006397131859        2.9141006397131859       0.11583466369780035        3.0299353034109862     
  0.86210858821868896        3.0895509260690130        3.0895509260690130       0.11497946700196408        3.2045303930709772     
  0.93248546123504639        3.2707297578312904        3.2707297578312904       0.11386407642534015        3.3845938342566306     
   1.0086073875427246        3.4579294248897630        3.4579294248897630       0.11254599036012694        3.5704754152498901     
   1.0909434556961060        3.6508426106380445        3.6508426106380445       0.11103616047507275        3.7618787711131172     
   1.1800009012222290        3.8496018801058196        3.8496018801058196       0.10938766324864901        3.9589895433544688     
   1.2763283252716064        4.0542142494440352        4.0542142494440352       0.10761436734977993        4.1618286167938150     
   1.3805193901062012        4.2645769613114748        4.2645769613114748       0.10573265221280222        4.3703096135242774     
   1.4932159185409546        4.4806507041162851        4.4806507041162851       0.10379902652846036        4.5844497306447458     
   1.6151121854782104        4.7024870178732483        4.7024870178732483       0.10176059056969025        4.8042476084429389     
   1.7469592094421387        4.9300202252674676        4.9300202252674676        9.9740075150866456E-002   5.0297603004183342     
   1.8895695209503174        5.1631695902335419        5.1631695902335419        9.7614923618645072E-002   5.2607845138521867     
   1.9711295366287231        5.2910704901302141        5.2910704901302141        9.6512328626272847E-002   5.3875828187564867     
   2.4582746028900146        5.9858040848268272        5.9858040848268272        9.0550445747882902E-002   6.0763545305747098     
   3.0658125877380367        6.7240239812868747        6.7240239812868747        8.4645687167711273E-002   6.8086696684545860     
   3.8234977722167969        7.5048164418741647        7.5048164418741647        7.8925597013520976E-002   7.5837420388876859     
   4.7684373855590820        8.3270934962212646        8.3270934962212646        7.3501285744072525E-002   8.4005947819653368     
   5.9469089508056632        9.1897454212493646        9.1897454212493646        6.8480849894322418E-002   9.2582262711436876     
   7.4166288375854492        10.091761379958244        10.091761379958244        6.3902252136181309E-002   10.155663632094425     
   9.2495746612548828        11.031971084246077        11.031971084246077        5.9688820513855878E-002   11.091659904759933     
   11.535514831542971        12.009168885676571        12.009168885676571        5.5785766892892483E-002   12.064954652569464     
   14.386403083801270        13.022065650302986        13.022065650302986        5.2145636441496557E-002   13.074211286744482     
   17.941860198974609        14.069214289545144        14.069214289545144        4.8655501987264552E-002   14.117869791532408     
   22.376010894775387        15.149111426577273        15.149111426577273        4.5312910414343377E-002   15.194424336991617     
   27.906021118164059        16.259861422167241        16.259861422167241        4.2335482198551412E-002   16.302196904365793     
   34.802715301513665        17.399013561621512        17.399013561621512        3.9702238904400382E-002   17.438715800525912     
   43.403861999511719        18.563254315665304        18.563254315665304        3.7142205559919809E-002   18.600396521225225     
   54.130695343017578        19.747765811544703        19.747765811544703        3.4499030975154853E-002   19.782264842519858     
   67.508560180664062        20.945597615276849        20.945597615276849        3.2192459368765185E-002   20.977790074645615     
   84.192626953125000        22.146017302015942        22.146017302015942        3.0461579973513477E-002   22.176478881989453     
   104.99999237060543        23.333533809578324        23.333533809578324        2.8825159729107826E-002   23.362358969307433     
