   1.0497607945580963E-005   3.1663939435455557E-015   3.1663940217688279E-015   2.0603257686343331E-029   3.1663940219691603E-015
   1.1591339898586732E-005   4.6756130135445553E-015   4.6756129749811728E-015   4.1232433693918734E-029   4.6756129753503376E-015
   1.2799026990251152E-005   6.9041824179474443E-015   6.9041824936961980E-015   8.2516759813985071E-029   6.9041824943764840E-015
   1.4132539945421730E-005   1.0194965750887974E-014   1.0194965633087206E-014   1.6513723249043170E-028   1.0194965634340812E-014
   1.5604990039719259E-005   1.5054256581260887E-014   1.5054257279119508E-014   3.3048213226542335E-028   1.5054257281429615E-014
   1.7230853700311858E-005   2.2229666902367325E-014   2.2229666498702962E-014   6.6138003186467251E-028   2.2229666502959945E-014
   1.9026114387088472E-005   3.2825143435019196E-014   3.2825142343366263E-014   1.3235923169182630E-027   3.2825142351210885E-014
   2.1008419935242280E-005   4.8470804000125114E-014   4.8470803108122097E-014   2.6488492505527267E-027   4.8470803122577891E-014
   2.3197258997242881E-005   7.1573753815652166E-014   7.1573755492591789E-014   5.3010294053924976E-027   7.1573755519230410E-014
   2.5614152036723674E-005   1.0568843940026277E-013   1.0568844112236627E-013   1.0608729953717120E-026   1.0568844117145499E-013
   2.8282855055294934E-005   1.5606337374111267E-013   1.5606336751714066E-013   2.1230794582568375E-026   1.5606336760759958E-013
   3.1229610613081618E-005   2.3044894257171680E-013   2.3044893357651816E-013   4.2488314023628895E-026   2.3044893374321272E-013
   3.4483382478356355E-005   3.4028932441025604E-013   3.4028932013251846E-013   8.5030068322545558E-026   3.4028932043969721E-013
   3.8076159398769946E-005   5.0248358454758817E-013   5.0248357986564917E-013   1.7016704886587790E-025   5.0248358043170718E-013
   4.2043262510560433E-005   7.4198549845980654E-013   7.4198552023029473E-013   3.4054803560025214E-025   7.4198552127340593E-013
   4.6423694584518691E-005   1.0956428935596378E-012   1.0956428904468366E-012   6.8152441116506796E-025   1.0956428923690446E-012
   5.1260518375784186E-005   1.6178663574443341E-012   1.6178663222846974E-012   1.3639060925170219E-024   1.6178663258268740E-012
   5.6601285905344405E-005   2.3890008539554086E-012   2.3890008886950830E-012   2.7295282822514951E-024   2.3890008952224804E-012
   6.2498496845364544E-005   3.5276854059516873E-012   3.5276853038030335E-012   5.4624882907417341E-024   3.5276853158314841E-012
   6.9010129664093242E-005   5.2091082120507690E-012   5.2091083153149619E-012   1.0931843791215733E-023   5.2091083374805540E-012
   7.6200209150556434E-005   7.6919615070817480E-012   7.6919616451015281E-012   2.1877447837411862E-023   7.6919616859475016E-012
   8.4139406681060791E-005   1.1358230429134365E-011   1.1358230317025979E-011   4.3782406603929120E-023   1.1358230392295468E-011
   9.2905778728891164E-005   1.6771976738471551E-011   1.6771976146541496E-011   8.7619870856309712E-023   1.6771976285245393E-011
   1.0258550901198752E-004   2.4766113309430904E-011   2.4766112727692153E-011   1.7534994631436868E-022   2.4766112983290713E-011
   1.1327375977998591E-004   3.6570550059241277E-011   3.6570548586501423E-011   3.5092048774731118E-022   3.6570549057509328E-011
   1.2507560313679289E-004   5.4001409739125957E-011   5.4001410812991577E-011   7.0228229961388093E-022   5.4001411680948000E-011
   1.3810706150252369E-004   7.9740445853497331E-011   7.9740443084387407E-011   1.4054476582385054E-021   7.9740444683826075E-011
   1.5249625721480703E-004   1.1774766490658540E-010   1.1774765819795048E-010   2.8126634846028666E-021   1.1774766114533901E-010
   1.6838463488966221E-004   1.7387047822577563E-010   1.7387047230616625E-010   5.6288632633538018E-021   1.7387047773750682E-010
   1.8592840933706603E-004   2.5674350769115146E-010   2.5674351285286979E-010   1.1264807084360440E-020   2.5674352286155001E-010
   2.0530004985630496E-004   3.7911687744855291E-010   3.7911687191604973E-010   2.2543785016936148E-020   3.7911689035968794E-010
   2.2668998281005773E-004   5.5981774885554448E-010   5.5981773818578653E-010   4.5115913688481058E-020   5.5981777217305313E-010
   2.5030851247720415E-004   8.2664733061703965E-010   8.2664728750050168E-010   9.0288572268827048E-020   8.2664735013101540E-010
   2.7638784376904352E-004   1.2206579515262911E-009   1.2206578715339477E-009   1.8069077604327594E-019   1.2206579869472494E-009
   3.0518430867232361E-004   1.8024676594459761E-009   1.8024675480151654E-009   3.6160863176494795E-019   1.8024677606945594E-009
   3.3698105835355824E-004   2.6615895646554083E-009   2.6615894751553982E-009   7.2367202637493906E-019   2.6615898670733293E-009
   3.7209066795185214E-004   3.9302002834038267E-009   3.9301998906862171E-009   1.4482541121235204E-018   3.9302006128984371E-009
   4.1085830889642222E-004   5.8034775941609064E-009   5.8034771605195824E-009   2.8983298663576340E-018   5.8034784913863865E-009
   4.5366509584710002E-004   8.5696271488151029E-009   8.5696257324606333E-009   5.8003049585445641E-018   8.5696281849340969E-009
   5.0093187019228914E-004   1.2654225143744793E-008   1.2654223159820016E-008   1.1607904846004776E-017   1.2654227679150019E-008
   5.5312330368906249E-004   1.8685691478915413E-008   1.8685687175141792E-008   2.3230407424085214E-017   1.8685695503200206E-008
   6.1075249686837186E-004   2.7591975672057125E-008   2.7591967011560914E-008   4.6490026753210988E-017   2.7591982358206360E-008
   6.7438598489388834E-004   4.0743317103544029E-008   4.0743300772982216E-008   9.3038492361785201E-017   4.0743329053221090E-008
   7.4464938370510947E-004   6.0163074437298346E-008   6.0163044157313177E-008   1.8619397508061130E-016   6.0163096271116319E-008
   8.2223338540643454E-004   8.8838978517654688E-008   8.8838921143470133E-008   3.7262189387705920E-016   8.8839017176863816E-008
   9.0790080139413443E-004   1.3118288341652709E-007   1.3118277029170153E-007   7.4571216085749806E-016   1.3118294725853614E-007
   1.0024937801063061E-003   1.9370943167071582E-007   1.9370919724329045E-007   1.4923614081600697E-015   1.9370952335126477E-007
   1.1069423053413627E-003   2.8597592264983240E-007   2.8597546819967319E-007   2.9865982733485051E-015   2.8597606910383698E-007
   1.2222731020301583E-003   4.2195134428645156E-007   4.2195046710586757E-007   5.9769459862540760E-015   4.2195157419372579E-007
   1.3496201718226077E-003   6.2217228668753823E-007   6.2217059836687095E-007   1.1961399964737396E-014   6.2217263767017618E-007
   1.4902353286743162E-003   9.1672313663377082E-007   9.1671979642765451E-007   2.3937816694078616E-014   9.1672355215766283E-007
   1.6455008881166577E-003   1.3495899124673748E-006   1.3495833400015779E-006   4.7905648554424901E-014   1.3495902552513851E-006
   1.8169435206800699E-003   1.9849510902938428E-006   1.9849383104882146E-006   9.5871387834919334E-014   1.9849510399084780E-006
   2.0062483381479974E-003   2.9163233376076976E-006   2.9162986020503313E-006   1.9186281195770893E-013   2.9163220272636529E-006
   2.2152769379317752E-003   4.2795214215816846E-006   4.2794730767475240E-006   3.8396609332937901E-013   4.2795161706448244E-006
   2.4460835848003626E-003   6.2714993350305777E-006   6.2714055304375613E-006   7.6841199150834498E-013   6.2714847785644014E-006
   2.7009379118680945E-003   9.1769721345771406E-006   9.1767903636866750E-006   1.5377837052033989E-012   9.1769360390566251E-006
   2.9823449440300460E-003   1.3406060892270862E-005   1.3405708087379075E-005   3.0774824821369436E-012   1.3405975748582562E-005
   3.2930714078247538E-003   1.9548506507712488E-005   1.9547823679178162E-005   6.1587880600446799E-012   1.9548315231570397E-005
   3.6361722741276017E-003   2.8447484375687245E-005   2.8446166948109127E-005   1.2325206411813924E-011   2.8447069171368270E-005
   4.0150200948119172E-003   4.1306155053201758E-005   4.1303616052841987E-005   2.4665602999005973E-011   4.1305271047054997E-005
   4.4333399273455134E-003   5.9832209597835086E-005   5.9827336647846347E-005   4.9361447995113825E-011   5.9830370485619696E-005
   4.8952437937259674E-003   8.6435729918857380E-005   8.6426388583414200E-005   9.8782903292936963E-011   8.6431945969883792E-005
   5.4052728228271025E-003   1.2450901875134422E-004   1.2449118278305595E-004   1.9768454305749828E-010   1.2450135478510359E-004
   5.9684407897293550E-003   1.7878001946197591E-004   1.7874604093158237E-004   3.9560281740245255E-010   1.7876464299073239E-004
   6.5902848728001144E-003   2.5582411470116175E-004   2.5575966239171471E-004   7.9166343266386662E-010   2.5579364872420232E-004
   7.2769178077578519E-003   3.6466159124862017E-004   3.6453976105545860E-004   1.5842135354767991E-009   3.6460178872849684E-004
   8.0350907519459707E-003   5.1758764139259335E-004   5.1735838584393600E-004   3.1701213099925347E-009   5.1747145725859691E-004
   8.8722556829452532E-003   7.3129794740179439E-004   7.3086858013314180E-004   6.3433948435048184E-009   7.3107443762385465E-004
   9.7966445609927195E-003   1.0279715192809482E-003   1.0271716516267366E-003   1.2692438290202174E-008   1.0275458967938761E-003
   1.0817344300448895E-002   1.4368716743860389E-003   1.4353915144976190E-003   2.5394257892009968E-008   1.4360707982641358E-003
   1.1944388970732692E-002   1.9958903480057264E-003   1.9931710122652242E-003   5.0801720399915420E-008   1.9944017527142848E-003
   1.3188858516514300E-002   2.7529074376928882E-003   2.7479494538036157E-003   1.0161370548568636E-007   2.7501747620835518E-003
   1.4562988653779026E-002   3.7676815034105734E-003   3.7587130573997780E-003   2.0320103517296883E-007   3.7627273849315862E-003
   1.6080286353826523E-002   5.1112356554606142E-003   5.0951470649002123E-003   4.0621179235753380E-007   5.1023693014431949E-003
   1.7755670472979553E-002   6.8663894200754272E-003   6.8377796265501715E-003   8.1164200081724035E-007   6.8507334699024029E-003
   1.9605610519647595E-002   9.1245112815233551E-003   9.0741262040072677E-003   1.6205465073271233E-006   9.0972780311876118E-003
   2.1648293361067772E-002   1.1978853855397870E-002   1.1891214029277175E-002   3.2321871216005747E-006   1.1932420579725780E-002
   2.3903800174593925E-002   1.5523375154639002E-002   1.5373278729179932E-002   6.4365658924118823E-006   1.5446271403476522E-002
   2.6394305750727654E-002   1.9838900367253946E-002   1.9586988662892716E-002   1.2788540390753352E-005   1.9715570927761585E-002
   2.9144294559955593E-002   2.5003044920263104E-002   2.4590122902397617E-002   2.5324603367131906E-005   2.4815202360434562E-002
   3.2180801033973701E-002   3.1102281985975068E-002   3.0442420331681191E-002   4.9907857799421116E-005   3.0833603139748863E-002
   3.5533674061298370E-002   3.8270836203364869E-002   3.7241422089781727E-002   9.7675104424213582E-005   3.7915820395499907E-002
   3.9235882461071007E-002   4.6786015863420731E-002   4.5209443107087195E-002   1.8929078709515080E-004   4.6361719297249207E-002
   4.3323814868927002E-002   5.7163993641080220E-002   5.4770741364267364E-002   3.6185600828770079E-004   5.6719615020374502E-002
   4.7656197100877769E-002   6.9677964998447819E-002   6.6096165945319335E-002   6.6312441291165502E-004   6.9290136154087675E-002
   5.1988579332828529E-002   8.4333848280652088E-002   7.9089420435071292E-002   1.1308642395051439E-003   8.4046184113367270E-002
   5.6320961564779275E-002  0.10124271880392625        9.3742116562726963E-002   1.8116586513680329E-003  0.10107413442249757     
   6.0653343796730055E-002  0.12026785907003010       0.10982860034427755        2.7484335545088913E-003  0.12022024397983071     
   6.4985722303390517E-002  0.14096081090549048       0.12688447365928188        3.9767140037264568E-003  0.14105983624159657     
   6.9318108260631561E-002  0.16242200039482599       0.14414439397567122        5.5228636846453658E-003  0.16282823757536610     
   7.3650486767292023E-002  0.18330287068980808       0.16059441232736091        7.4043487549577645E-003  0.18447219505599971     
   7.7982872724533067E-002  0.20244311329644990       0.17549142778728630        9.6314751141030157E-003  0.20519095283333999     
   8.2315251231193529E-002  0.21935023086559180       0.18866716625103058        1.2209662661236171E-002  0.22476590422132958     
   8.6647629737854004E-002  0.23418642747386315       0.20041223956000853        1.5141671025723717E-002  0.24345717709816986     
   9.0980015695095062E-002  0.24759020989242092       0.21132927767425311        1.8429310165517694E-002  0.26186368003612936     
   9.6368782222270966E-002  0.26394235649136738       0.22498508314540644        2.3017921522047832E-002  0.28563678747288418     
  0.10175754129886626       0.28229861817622254       0.24019838574010230        2.8165489738149908E-002  0.31195332013310922     
  0.10714630782604216       0.30520348194496050       0.25832310911670159        3.3880197111883642E-002  0.34229940603328424     
  0.11253507435321806       0.33384126238363576       0.27964739493875562        4.0172619631868002E-002  0.37703817477173973     
  0.11792384088039397       0.36765375604908113       0.30350048859796269        4.7055268842408154E-002  0.41549149825926590     
  0.12331259995698926       0.40428898189778728       0.32838690668896359        5.4542026873565130E-002  0.45606512769116803     
  0.12870137393474582       0.44039357515118643       0.35255056258510825        6.2647620934891624E-002  0.49685342424873957     
  0.13409014046192172       0.47277686584344186       0.37465882354955882        7.1387081535177171E-002  0.53638766446556885     
  0.13947889208793640       0.49946249728803044       0.39417605144226719        8.0775422759603796E-002  0.57405592142639206     
  0.14486765861511230       0.51977125827024728       0.41123420217018042        9.0827431469997111E-002  0.60997575872963161     
  0.15025642514228821       0.53504742173672915       0.42664311613253869       0.10155728271096645       0.64502263136536298     
  0.15564519166946411       0.54824729931227267       0.44180002715525879       0.11297848651837776       0.68074887648869808     
  0.16103395819664001       0.56327204718629709       0.45813204219341369       0.12510376114183303       0.71877157440148665     
  0.16642272472381592       0.58285640989217535       0.47608410135805745       0.13794489084031006       0.75962258262933668     
  0.17181149125099179       0.60980881907460682       0.49673145880940550       0.15151272581735467       0.80455872841585285     
  0.17720025777816775       0.64241304427115864       0.51858323001188344       0.16581708926094804       0.85191623564120833     
  0.18258900940418243       0.67928968744861096       0.54127080468165978       0.18086671984763250       0.90129065039466549     
  0.18797777593135831       0.71754312652400976       0.56382691303410348       0.19666944892699059       0.95157965508127373     
  0.19336654245853424       0.75375906019309291       0.58551040096571572       0.21323186428881202        1.0019246229909613     
  0.19875530898571014       0.78502028592405537       0.60608778883820646       0.23055955560710245        1.0520425007308021     
  0.20414407551288605       0.80934766712763506       0.62488464342320893       0.24865698919275378        1.1011302004315278     
  0.20953284204006195       0.82734553077016459       0.64233961013637175       0.26752758188001030        1.1496734199058596     
  0.21492160856723788       0.84173089821017844       0.65968390581690495       0.28717369949321858        1.1990967996779387     
  0.22031037509441379       0.85532341268997292       0.67707965434397166       0.30759659872110445        1.2495854017869108     
  0.22569914162158966       0.87101069960264632       0.69502109916403665       0.32879653158971339        1.3017202014447218     
  0.23108789324760434       0.89105126912427779       0.71369247217734211       0.35077265238995720        1.3557211739098853     
  0.23647665977478027       0.91645225769156324       0.73282843865551295       0.37352324440846180        1.4112733409718325     
  0.24186542630195618       0.94677878963814932       0.75240727324057788       0.39704551988896059        1.4683476626119347     
  0.24725419282913208       0.98034438973966342       0.77215404328034376       0.42133566340490036        1.5266087788166700     
  0.25264295935630798        1.0145890298467031       0.79168128818055505       0.44638901706637729        1.5855798834162449     
  0.25803172588348389        1.0467727777205489       0.81076078095098081       0.47219993780706776        1.6449695606730470     
  0.26342049241065979        1.0749034418314152       0.82939819932186831       0.49876193450453571        1.7047661585608174     
  0.26880925893783575        1.0983066306660305       0.84783660210342948       0.52606757272172255        1.7652468724564374     
  0.27419802546501160        1.1175289003887776       0.86559195581075388       0.55410862989769094        1.8258020301310278     
  0.27958679199218750        1.1338481706679551       0.88347455567580679       0.58287619782110367        1.8874035953440580     
  0.28497555851936335        1.1491297116042511       0.90102879187536167       0.61236036036861163        1.9494754326685058     
  0.29036432504653931        1.1659862789943718       0.91888669752767893       0.64255056888963979        2.0127788395862911     
  0.29575309157371527        1.1857952980535698       0.93670340502591420       0.67343571439259498        2.0768725480341677     
  0.30114182829856878        1.2089257564702796       0.95455122350483501       0.70500353316479980        2.1418278562231103     
  0.30653059482574463        1.2351547437414043       0.97219186195417107       0.73724188599080387        2.2073296734654444     
  0.31191936135292053        1.2638212637930275       0.99015205390277905       0.77013737529957649        2.2740164396858775     
  0.31730812788009644        1.2927227598200699        1.0078312236545968       0.80367627409938969        2.3411175785234506     
  0.32269689440727234        1.3204665643309015        1.0252302227908379       0.83784420749019572        2.4086109361049828     
  0.32808566093444824        1.3464101295884126        1.0429331584143349       0.87262650343085035        2.4772119191964621     
  0.33347442746162415        1.3690274956531248        1.0598899909812174       0.90800774687169983        2.5455712408799323     
  0.33886319398880005        1.3885954860811112        1.0769979917739338       0.94397231057198849        2.6148011336734083     
  0.34425196051597590        1.4067668355348699        1.0940329271159601       0.98050395774570875        2.6845957893258445     
  0.34964072704315191        1.4239372003151645        1.1108674901649340        1.0175864474575249        2.7547703086403508     
  0.35502949357032781        1.4420353881216854        1.1278405322934364        1.0552026854052075        2.8257351885482227     
  0.36041826009750366        1.4613412213980428        1.1446898628518638        1.0933356526994038        2.8971327400636513     
  0.36580702662467957        1.4820261036176436        1.1609323414743171        1.1319679426234512        2.9683161793853565     
  0.37119579315185547        1.5053200583193631        1.1779595045686257        1.1710821370621256        3.0410573221329624     
  0.37658455967903137        1.5293116331819052        1.1943525823875678        1.2106601146346943        3.1135013604087822     
  0.38197332620620728        1.5541355601555460        1.2108367185307631        1.2506839145207886        3.1865624290234607     
  0.38736209273338318        1.5781312182450280        1.2271233704204676        1.2911357073581449        3.2598432465324132     
  0.39275082945823669        1.6014611795467015        1.2435948595730799        1.3319966994234542        3.3338183803334922     
  0.39813959598541260        1.6227483121000947        1.2595163953846882        1.3732491675455210        3.4075053327138898     
  0.40352836251258850        1.6428089484134341        1.2757150144135612        1.4148745801674563        3.4819624157530820     
  0.40891712903976440        1.6617980073751835        1.2916563507795773        1.4568543572935047        3.5564663275234869     
  0.41430589556694031        1.6800450753779654        1.3075717453107760        1.4991703933203089        3.6312981419508756     
  0.41969466209411621        1.6982205395928820        1.3233168836256906        1.5418041062348680        3.7062444886257064     
  0.42508342862129211        1.7171444777437443        1.3392366192176792        1.5847372887182503        3.7817392137728176     
  0.43047219514846802        1.7366313941130465        1.3547357871724806        1.6279518122010233        3.8569717255889433     
  0.43586096167564392        1.7572543154610030        1.3704488123114695        1.6714294472260358        3.9327613631570673     
  0.44124972820281982        1.7783457148013966        1.3859412959917132        1.7151522615855697        4.0085093080247294     
  0.44663849472999573        1.7998638518417278        1.4013506621816756        1.7591023511764461        4.0843763856259105     
  0.45202726125717163        1.8211289057685944        1.4166338623214039        1.8032621721842066        4.1602837288866068     
  0.45741602778434753        1.8422665325831018        1.4319880724238843        1.8476142473109245        4.2364746121779380     
  0.46280479431152344        1.8623012067440134        1.4471341159194260        1.8921411586997161        4.3125538758085362     
  0.46819356083869934        1.8820029065863897        1.4622318593803834        1.9368259105930130        4.3887156320075418     
  0.47358232736587524        1.9005969546005357        1.4772210092856350        1.9816517232650426        4.4648587437017317     
  0.47897109389305115        1.9189507765263312        1.4922508314690304        2.0266020408250505        4.5411652409408036     
  0.48435983061790466        1.9371989572447945        1.5071442003790168        2.0716602919969693        4.6173763673861314     
  0.48974859714508057        1.9554033069967063        1.5219032061528335        2.1168108739351736        4.6934761495756483     
  0.49513736367225647        1.9740790563789155        1.5366784076527311        2.1620379764670541        4.7696503257276603     
  0.50052613019943237        1.9928341471091802        1.5513623007172939        2.2073258509938292        4.8457346219690729     
  0.50591492652893066        2.0120876098776392        1.5659791528881906        2.2526598290707471        4.9217449246011267     
  0.51130366325378418        2.0314938784355578        1.5804777997848352        2.2980243999904619        4.9975932252679538     
  0.51669245958328247        2.0508009501049860        1.5949122023505986        2.3434061660185388        5.0733376059310018     
  0.52208119630813599        2.0700407231047433        1.6092856628849954        2.3887897362953239        5.1489647228310567     
  0.52746993303298950        2.0889201542711131        1.6236571479917890        2.4341615527288045        5.2245399759969935     
  0.53285872936248779        2.1073745794701675        1.6378353220117350        2.4795088167996995        5.2997859454122862     
  0.53824746608734131        2.1256544641307848        1.6520287077289122        2.5248176024939144        5.3749730119941823     
  0.54363626241683960        2.1434320513870597        1.6661459834895844        2.5700761027709742        5.4499622632455660     
  0.54902499914169312        2.1611805718524399        1.6802220000875674        2.6152713052898990        5.5247868605914068     
  0.55441379547119141        2.1788209172889057        1.6941960592351193        2.6603914578514174        5.5993496123680240     
  0.55980253219604492        2.1964297368617425        1.7080978198843861        2.7054235717893849        5.6736765087807086     
  0.56519132852554321        2.2142213437423943        1.7219413543738984        2.7503572545461021        5.7477753236463869     
  0.57058006525039673        2.2321018253515645        1.7357455600061944        2.7951810106077106        5.8216592807771077     
  0.57596886157989502        2.2499722840800978        1.7494592095788013        2.8398852970318500        5.8952466009285001     
  0.58135759830474854        2.2678589842908465        1.7631153021752093        2.8844592951708194        5.9685708473905752     
  0.58674639463424683        2.2857210778486352        1.7767577784384447        2.9288940401021444        6.0416833162110741     
  0.59213513135910034        2.3033295366028814        1.7902326508802666        2.9731770508191286        6.1143550663735162     
  0.59752392768859863        2.3208693890898746        1.8037066645461806        3.0173006963978386        6.1868101929191992     
  0.60291266441345215        2.3382272486739337        1.8171766439086476        3.0612548930302292        6.2590331812452700     
  0.60830146074295044        2.3552774534938141        1.8304850859040431        3.1050330397809445        6.3307965800179771     
  0.61369019746780396        2.3722997770255811        1.8437850044809327        3.1486263713448315        6.4023046496260276     
  0.61907899379730225        2.3891964808608215        1.8570147985132475        3.1920285002017339        6.4734642547128169     
  0.62446773052215576        2.4060431154287154        1.8702020890891857        3.2352299223822376        6.5443034455414066     
  0.62985646724700928        2.4228559296410488        1.8833246016941856        3.2782220398138144        6.6147813516975340     
  0.68127381801605225        2.5809325995924097        2.0056741951217392        3.6767506887442085        7.2683839978409619     
  0.73688852787017822        2.7446209060446374        2.1326878178857553        4.0805916170360979        7.9339486831039254     
  0.79704326391220093        2.9141006397131859        2.2642552362518455        4.4819827472446692        8.6023368100860012     
  0.86210858821868896        3.0895509260690130        2.4004610643478661        4.8731897622083826        9.2647515180687989     
  0.93248546123504639        3.2707297578312904        2.5412485356953725        5.2470815636419621        9.9128975878386427     
   1.0086073875427246        3.4579294248897630        2.6866796317161277        5.5975683601343968        10.539835334992881     
   1.0909434556961060        3.6508426106380445        2.8366091098043000        5.9195846180119478        11.139460002470384     
   1.1800009012222290        3.8496018801058196        2.9911778328320966        6.2093947161827803        11.707563504226371     
   1.2763283252716064        4.0542142494440352        3.1502459838512467        6.4650036974981724        12.241497807789775     
   1.3805193901062012        4.2645769613114748        3.3138535665147928        6.6855653115324758        12.740148536980326     
   1.4932159185409546        4.4806507041162851        3.4819504542013355        6.8710218331508015        13.203130961049869     
   1.6151121854782104        4.7024870178732483        3.6545691517276890        7.0229389377483580        13.632056103777398     
   1.7469592094421387        4.9300202252674676        3.8315721040299446        7.1432370696625087        14.028681472175123     
   1.8895695209503174        5.1631695902335419        4.0130350476720267        7.2337136173092906        14.394902353042406     
   1.9711295366287231        5.2910704901302141        4.1125709809890481        7.2713030067008608        14.580812279828391     
   2.4582746028900146        5.9858040848268272        4.6540731847664887        7.3546746714352649        15.438558743740328     
   3.0658125877380367        6.7240239812868747        5.2280237958997979        7.2862531456088062        16.141105268423573     
   3.8234977722167969        7.5048164418741647        5.8350840255617751        7.1114171293605812        16.738340582506215     
   4.7684373855590820        8.3270934962212646        6.4744036947918051        6.8680089005888680        17.270999062655676     
   5.9469089508056632        9.1897454212493646        7.1451187168738119        6.5777420740527086        17.761443498384192     
   7.4166288375854492        10.091761379958244        7.8464421925669470        6.2565097353086525        18.226051722612940     
   9.2495746612548828        11.031971084246077        8.5774620460478523        5.9358176459808032        18.703737824438338     
   11.535514831542971        12.009168885676571        9.3372413022995655        5.6049291440293878        19.177960376791699     
   14.386403083801270        13.022065650302986        10.124777924908130        5.2759855890027882        19.663385211221073     
   17.941860198974609        14.069214289545144        10.938944680189449        4.9728344400969018        20.193188791865367     
   22.376010894775387        15.149111426577273        11.778575104190283        4.6612381855597844        20.716845177014768     
   27.906021118164059        16.259861422167241        12.642192830790520        4.3754872539788732        21.283839332143035     
   34.802715301513665        17.399013561621512        13.527894419484221        4.1219480072315458        21.904406046463890     
   43.403861999511719        18.563254315665304        14.433101687543573        3.8597968046317948        22.513090717455945     
   54.130695343017578        19.747765811544703        15.354071578809497        3.6037881055940160        23.128676931194683     
   67.508560180664062        20.945597615276849        16.285395654040514        3.4163155627954405        23.851458875562830     
   84.192626953125000        22.146017302015942        17.218733622887388        3.2030122150450806        24.516665100069396     
   104.99999237060543        23.333533809578324        18.142039226492983        3.0077344483081800        25.185968498502611     
