   1.0497607945580963E-005   3.1663939435455557E-015   3.1663939435455557E-015   3.9016857665249126E-014   4.2183251608794680E-014
   1.1591339898586732E-005   4.6756130135445553E-015   4.6756130135445553E-015   5.2526947705949288E-014   5.7202560719493846E-014
   1.2799026990251152E-005   6.9041824179474443E-015   6.9041824179474443E-015   7.0715096414071057E-014   7.7619278832018506E-014
   1.4132539945421730E-005   1.0194965750887974E-014   1.0194965750887974E-014   9.5201086945390152E-014   1.0539605269627812E-013
   1.5604990039719259E-005   1.5054256581260887E-014   1.5054256581260887E-014   1.2816568427364526E-013   1.4321994085490616E-013
   1.7230853700311858E-005   2.2229666902367325E-014   2.2229666902367325E-014   1.7254471371694170E-013   1.9477438061930903E-013
   1.9026114387088472E-005   3.2825143435019196E-014   3.2825143435019196E-014   2.3229057204039143E-013   2.6511571547541060E-013
   2.1008419935242280E-005   4.8470804000125114E-014   4.8470804000125114E-014   3.1272416590898703E-013   3.6119496990911217E-013
   2.3197258997242881E-005   7.1573753815652166E-014   7.1573753815652166E-014   4.2100891027449542E-013   4.9258266409014762E-013
   2.5614152036723674E-005   1.0568843940026277E-013   1.0568843940026277E-013   5.6678875091591647E-013   6.7247719031617928E-013
   2.8282855055294934E-005   1.5606337374111267E-013   1.5606337374111267E-013   7.6304652117300879E-013   9.1910989491412145E-013
   3.1229610613081618E-005   2.3044894257171680E-013   2.3044894257171680E-013   1.0272613530855382E-012   1.2577102956572550E-012
   3.4483382478356355E-005   3.4028932441025604E-013   3.4028932441025604E-013   1.3829638232718991E-012   1.7232531476821553E-012
   3.8076159398769946E-005   5.0248358454758817E-013   5.0248358454758817E-013   1.8618326869948680E-012   2.3643162715424562E-012
   4.2043262510560433E-005   7.4198549845980654E-013   7.4198549845980654E-013   2.5065159365893357E-012   3.2485014350491424E-012
   4.6423694584518691E-005   1.0956428935596378E-012   1.0956428935596378E-012   3.3744293757922963E-012   4.4700722693519339E-012
   5.1260518375784186E-005   1.6178663574443341E-012   1.6178663574443341E-012   4.5428690997861947E-012   6.1607354572305288E-012
   5.6601285905344405E-005   2.3890008539554086E-012   2.3890008539554086E-012   6.1158966183712269E-012   8.5048974723266351E-012
   6.2498496845364544E-005   3.5276854059516873E-012   3.5276854059516873E-012   8.2336036796319276E-012   1.1761289085583615E-011
   6.9010129664093242E-005   5.2091082120507690E-012   5.2091082120507690E-012   1.1084593527696410E-011   1.6293701739747179E-011
   7.6200209150556434E-005   7.6919615070817480E-012   7.6919615070817480E-012   1.4922778776791377E-011   2.2614740283873125E-011
   8.4139406681060791E-005   1.1358230429134365E-011   1.1358230429134365E-011   2.0089981940473270E-011   3.1448212369607634E-011
   9.2905778728891164E-005   1.6771976738471551E-011   1.6771976738471551E-011   2.7046395498123450E-011   4.3818372236595001E-011
   1.0258550901198752E-004   2.4766113309430904E-011   2.4766113309430904E-011   3.6411555515735272E-011   6.1177668825166182E-011
   1.1327375977998591E-004   3.6570550059241277E-011   3.6570550059241277E-011   4.9019528205444336E-011   8.5590078264685613E-011
   1.2507560313679289E-004   5.4001409739125957E-011   5.4001409739125957E-011   6.5993166257114141E-011   1.1999457599624010E-010
   1.3810706150252369E-004   7.9740445853497331E-011   7.9740445853497331E-011   8.8844136717071677E-011   1.6858458257056899E-010
   1.5249625721480703E-004   1.1774766490658540E-010   1.1774766490658540E-010   1.1960756252383788E-010   2.3735522743042329E-010
   1.6838463488966221E-004   1.7387047822577563E-010   1.7387047822577563E-010   1.6102319266854506E-010   3.3489367089432067E-010
   1.8592840933706603E-004   2.5674350769115146E-010   2.5674350769115146E-010   2.1677953722696940E-010   4.7352304491812086E-010
   2.0530004985630496E-004   3.7911687744855291E-010   3.7911687744855291E-010   2.9184222348744900E-010   6.7095910093600186E-010
   2.2668998281005773E-004   5.5981774885554448E-010   5.5981774885554448E-010   3.9289625309433554E-010   9.5271400194987992E-010
   2.5030851247720415E-004   8.2664733061703965E-010   8.2664733061703965E-010   5.2894152476161234E-010   1.3555888553786521E-009
   2.7638784376904352E-004   1.2206579515262911E-009   1.2206579515262911E-009   7.1209432464396275E-010   1.9327522761702536E-009
   3.0518430867232361E-004   1.8024676594459761E-009   1.8024676594459761E-009   9.5866569532617253E-010   2.7611333547721487E-009
   3.3698105835355824E-004   2.6615895646554083E-009   2.6615895646554083E-009   1.2906156624924324E-009   3.9522052271478407E-009
   3.7209066795185214E-004   3.9302002834038267E-009   3.9302002834038267E-009   1.7375071812128713E-009   5.6677074646166984E-009
   4.1085830889642222E-004   5.8034775941609064E-009   5.8034775941609064E-009   2.3391403380601929E-009   8.1426179322210997E-009
   4.5366509584710002E-004   8.5696271488151029E-009   8.5696271488151029E-009   3.1490960417696590E-009   1.1718723190584762E-008
   5.0093187019228914E-004   1.2654225143744793E-008   1.2654225143744793E-008   4.2395082344658962E-009   1.6893733378210690E-008
   5.5312330368906249E-004   1.8685691478915413E-008   1.8685691478915413E-008   5.7074873321619925E-009   2.4393178811077407E-008
   6.1075249686837186E-004   2.7591975672057125E-008   2.7591975672057125E-008   7.6837702884326839E-009   3.5275745960489807E-008
   6.7438598489388834E-004   4.0743317103544029E-008   4.0743317103544029E-008   1.0344360205155136E-008   5.1087677308699166E-008
   7.4464938370510947E-004   6.0163074437298346E-008   6.0163074437298346E-008   1.3926206885223135E-008   7.4089281322521476E-008
   8.2223338540643454E-004   8.8838978517654688E-008   8.8838978517654688E-008   1.8748295288903303E-008   1.0758727380655799E-007
   9.0790080139413443E-004   1.3118288341652709E-007   1.3118288341652709E-007   2.5240072739684640E-008   1.5642295615621172E-007
   1.0024937801063061E-003   1.9370943167071582E-007   1.9370943167071582E-007   3.3979672132845086E-008   2.2768910380356091E-007
   1.1069423053413627E-003   2.8597592264983240E-007   2.8597592264983240E-007   4.5745409534786022E-008   3.3172133218461842E-007
   1.2222731020301583E-003   4.2195134428645156E-007   4.2195134428645156E-007   6.1585067540794323E-008   4.8353641182724589E-007
   1.3496201718226077E-003   6.2217228668753823E-007   6.2217228668753823E-007   8.2909258346573458E-008   7.0508154503411171E-007
   1.4902353286743162E-003   9.1672313663377082E-007   9.1672313663377082E-007   1.1161692962683947E-007   1.0283400662606103E-006
   1.6455008881166577E-003   1.3495899124673748E-006   1.3495899124673748E-006   1.5026451563999895E-007   1.4998544281073738E-006
   1.8169435206800699E-003   1.9849510902938428E-006   1.9849510902938428E-006   2.0229359879959208E-007   2.1872446890934347E-006
   2.0062483381479974E-003   2.9163233376076976E-006   2.9163233376076976E-006   2.7233709939996639E-007   3.1886604370076640E-006
   2.2152769379317752E-003   4.2795214215816846E-006   4.2795214215816846E-006   3.6663214604038891E-007   4.6461535676220732E-006
   2.4460835848003626E-003   6.2714993350305777E-006   6.2714993350305777E-006   4.9357451024252469E-007   6.7650738452731026E-006
   2.7009379118680945E-003   9.1769721345771406E-006   9.1769721345771406E-006   6.6446688518104387E-007   9.8414390197581840E-006
   2.9823449440300460E-003   1.3406060892270862E-005   1.3406060892270862E-005   8.9452364608217732E-007   1.4300584538353039E-005
   3.2930714078247538E-003   1.9548506507712488E-005   1.9548506507712488E-005   1.2042254939173571E-006   2.0752732001629843E-005
   3.6361722741276017E-003   2.8447484375687245E-005   2.8447484375687245E-005   1.6211412768140660E-006   3.0068625652501311E-005
   4.0150200948119172E-003   4.1306155053201758E-005   4.1306155053201758E-005   2.1823787944723598E-006   4.3488533847674116E-005
   4.4333399273455134E-003   5.9832209597835086E-005   5.9832209597835086E-005   2.9378865071911217E-006   6.2770096105026210E-005
   4.8952437937259674E-003   8.6435729918857380E-005   8.6435729918857380E-005   3.9548894739476260E-006   9.0390619392805011E-005
   5.4052728228271025E-003   1.2450901875134422E-004   1.2450901875134422E-004   5.3238646062964434E-006   1.2983288335764067E-004
   5.9684407897293550E-003   1.7878001946197591E-004   1.7878001946197591E-004   7.1665708170823524E-006   1.8594659027905826E-004
   6.5902848728001144E-003   2.5582411470116175E-004   2.5582411470116175E-004   9.6468597718982858E-006   2.6547097447306004E-004
   7.2769178077578519E-003   3.6466159124862017E-004   3.6466159124862017E-004   1.2985190446647717E-005   3.7764678169526790E-004
   8.0350907519459707E-003   5.1758764139259335E-004   5.1758764139259335E-004   1.7478171383608044E-005   5.3506581277620142E-004
   8.8722556829452532E-003   7.3129794740179439E-004   7.3129794740179439E-004   2.3524776832440558E-005   7.5482272423423491E-004
   9.7966445609927195E-003   1.0279715192809482E-003   1.0279715192809482E-003   3.1661620990992129E-005   1.0596331402719403E-003
   1.0817344300448895E-002   1.4368716743860389E-003   1.4368716743860389E-003   4.2610244925645941E-005   1.4794819193116849E-003
   1.1944388970732692E-002   1.9958903480057264E-003   1.9958903480057264E-003   5.7340596835254521E-005   2.0532309448409811E-003
   1.3188858516514300E-002   2.7529074376928882E-003   2.7529074376928882E-003   7.7156160127791429E-005   2.8300635978206795E-003
   1.4562988653779026E-002   3.7676815034105734E-003   3.7676815034105734E-003   1.0380794954564493E-004   3.8714894529562182E-003
   1.6080286353826523E-002   5.1112356554606142E-003   5.1112356554606142E-003   1.3964695620893611E-004   5.2508826116695502E-003
   1.7755670472979553E-002   6.8663894200754272E-003   6.8663894200754272E-003   1.8782806335922040E-004   7.0542174834346480E-003
   1.9605610519647595E-002   9.1245112815233551E-003   9.1245112815233551E-003   2.5258171317570652E-004   9.3770929946990610E-003
   2.1648293361067772E-002   1.1978853855397870E-002   1.1978853855397870E-002   3.3957573349008806E-004   1.2318429588887958E-002
   2.3903800174593925E-002   1.5523375154639002E-002   1.5523375154639002E-002   4.5639565011207654E-004   1.5979770804751079E-002
   2.6394305750727654E-002   1.9838900367253946E-002   1.9838900367253946E-002   6.1318052313082019E-004   2.0452080890384767E-002
   2.9144294559955593E-002   2.5003044920263104E-002   2.5003044920263104E-002   8.2346097310073143E-004   2.5826505893363834E-002
   3.2180801033973701E-002   3.1102281985975068E-002   3.1102281985975068E-002   1.1052587021606606E-003   3.2207540688135729E-002
   3.5533674061298370E-002   3.8270836203364869E-002   3.8270836203364869E-002   1.4825207502651217E-003   3.9753356953629991E-002
   3.9235882461071007E-002   4.6786015863420731E-002   4.6786015863420731E-002   1.9869776934485872E-003   4.8772993556869315E-002
   4.3323814868927002E-002   5.7163993641080220E-002   5.7163993641080220E-002   2.6605216571036401E-003   5.9824515298183861E-002
   4.7656197100877769E-002   6.9677964998447819E-002   6.9677964998447819E-002   3.5188637571294426E-003   7.3196828755577259E-002
   5.1988579332828529E-002   8.4333848280652088E-002   8.4333848280652088E-002   4.5370721898714142E-003   8.8870920470523501E-002
   5.6320961564779275E-002  0.10124271880392625       0.10124271880392625        5.7256204411718966E-003  0.10696833924509815     
   6.0653343796730055E-002  0.12026785907003010       0.12026785907003010        7.0940342299635776E-003  0.12736189329999367     
   6.4985722303390517E-002  0.14096081090549048       0.14096081090549048        8.6508566937780976E-003  0.14961166759926858     
   6.9318108260631561E-002  0.16242200039482599       0.16242200039482599        1.0403626653437185E-002  0.17282562704826318     
   7.3650486767292023E-002  0.18330287068980808       0.18330287068980808        1.2358846251634215E-002  0.19566171694144230     
   7.7982872724533067E-002  0.20244311329644990       0.20244311329644990        1.4521990860321429E-002  0.21696510415677134     
   8.2315251231193529E-002  0.21935023086559180       0.21935023086559180        1.6897480785207010E-002  0.23624771165079880     
   8.6647629737854004E-002  0.23418642747386315       0.23418642747386315        1.9488715158395294E-002  0.25367514263225843     
   9.0980015695095062E-002  0.24759020989242092       0.24759020989242092        2.2298072263892812E-002  0.26988828215631372     
   9.6368782222270966E-002  0.26394235649136738       0.26394235649136738        2.6098803288506039E-002  0.29004115977987344     
  0.10175754129886626       0.28229861817622254       0.28229861817622254        3.0239583331725890E-002  0.31253820150794842     
  0.10714630782604216       0.30520348194496050       0.30520348194496050        3.4718745113159935E-002  0.33992222705812042     
  0.11253507435321806       0.33384126238363576       0.33384126238363576        3.9532487295937717E-002  0.37337374967957349     
  0.11792384088039397       0.36765375604908113       0.36765375604908113        4.4675045044977144E-002  0.41232880109405828     
  0.12331259995698926       0.40428898189778728       0.40428898189778728        5.0138825740043108E-002  0.45442780763783042     
  0.12870137393474582       0.44039357515118643       0.44039357515118643        5.5914592370620887E-002  0.49630816752180734     
  0.13409014046192172       0.47277686584344186       0.47277686584344186        6.1991578849235895E-002  0.53476844469267770     
  0.13947889208793640       0.49946249728803044       0.49946249728803044        6.8357697541002418E-002  0.56782019482903290     
  0.14486765861511230       0.51977125827024728       0.51977125827024728        7.4999767329030742E-002  0.59477102559927797     
  0.15025642514228821       0.53504742173672915       0.53504742173672915        8.1903583758443768E-002  0.61695100549517290     
  0.15564519166946411       0.54824729931227267       0.54824729931227267        8.9054140805615828E-002  0.63730144011788847     
  0.16103395819664001       0.56327204718629709       0.56327204718629709        9.6435795842635091E-002  0.65970784302893215     
  0.16642272472381592       0.58285640989217535       0.58285640989217535       0.10403245098712409       0.68688886087929946     
  0.17181149125099179       0.60980881907460682       0.60980881907460682       0.11182766156226184       0.72163648063686869     
  0.17720025777816775       0.64241304427115864       0.64241304427115864       0.11980480984693298       0.76221785411809162     
  0.18258900940418243       0.67928968744861096       0.67928968744861096       0.12794719687294687       0.80723688432155782     
  0.18797777593135831       0.71754312652400976       0.71754312652400976       0.13623826835615357       0.85378139488016336     
  0.19336654245853424       0.75375906019309291       0.75375906019309291       0.14466156781152614       0.89842062800461908     
  0.19875530898571014       0.78502028592405537       0.78502028592405537       0.15320097029706259       0.93822125622111796     
  0.20414407551288605       0.80934766712763506       0.80934766712763506       0.16184068195442322       0.97118834908205831     
  0.20953284204006195       0.82734553077016459       0.82734553077016459       0.17056539177410346       0.99791092254426805     
  0.21492160856723788       0.84173089821017844       0.84173089821017844       0.17936025829537988        1.0210911565055583     
  0.22031037509441379       0.85532341268997292       0.85532341268997292       0.18821103643891460        1.0435344491288876     
  0.22569914162158966       0.87101069960264632       0.87101069960264632       0.19710406280487175        1.0681147624075180     
  0.23108789324760434       0.89105126912427779       0.89105126912427779       0.20602632471839091        1.0970775938426687     
  0.23647665977478027       0.91645225769156324       0.91645225769156324       0.21496554432100326        1.1314178020125665     
  0.24186542630195618       0.94677878963814932       0.94677878963814932       0.22391006861513940        1.1706888582532886     
  0.24725419282913208       0.98034438973966342       0.98034438973966342       0.23284893941649687        1.2131933291561603     
  0.25264295935630798        1.0145890298467031        1.0145890298467031       0.24177197047832580        1.2563610003250290     
  0.25803172588348389        1.0467727777205489        1.0467727777205489       0.25066963587029839        1.2974424135908473     
  0.26342049241065979        1.0749034418314152        1.0749034418314152       0.25953314996923299        1.3344365918006482     
  0.26880925893783575        1.0983066306660305        1.0983066306660305       0.26835439275757722        1.3666610234236076     
  0.27419802546501160        1.1175289003887776        1.1175289003887776       0.27712598146660239        1.3946548818553799     
  0.27958679199218750        1.1338481706679551        1.1338481706679551       0.28584110958541370        1.4196892802533687     
  0.28497555851936335        1.1491297116042511        1.1491297116042511       0.29449372365495780        1.4436234352592090     
  0.29036432504653931        1.1659862789943718        1.1659862789943718       0.30307833029461562        1.4690646092889874     
  0.29575309157371527        1.1857952980535698        1.1857952980535698       0.31159002130148017        1.4973853193550499     
  0.30114182829856878        1.2089257564702796        1.2089257564702796       0.32002449292498336        1.5289502493952629     
  0.30653059482574463        1.2351547437414043        1.2351547437414043       0.32837799515520522        1.5635327388966096     
  0.31191936135292053        1.2638212637930275        1.2638212637930275       0.33664730335937415        1.6004685671524017     
  0.31730812788009644        1.2927227598200699        1.2927227598200699       0.34482967271185938        1.6375524325319293     
  0.32269689440727234        1.3204665643309015        1.3204665643309015       0.35292275507317372        1.6733893194040752     
  0.32808566093444824        1.3464101295884126        1.3464101295884126       0.36092471819529659        1.7073348477837091     
  0.33347442746162415        1.3690274956531248        1.3690274956531248       0.36883407989174360        1.7378615755448683     
  0.33886319398880005        1.3885954860811112        1.3885954860811112       0.37664978473012889        1.7652452708112401     
  0.34425196051597590        1.4067668355348699        1.4067668355348699       0.38437109606429792        1.7911379315991678     
  0.34964072704315191        1.4239372003151645        1.4239372003151645       0.39199757098172811        1.8159347712968925     
  0.35502949357032781        1.4420353881216854        1.4420353881216854       0.39952906918391301        1.8415644573055985     
  0.36041826009750366        1.4613412213980428        1.4613412213980428       0.40696574923648676        1.8683069706345297     
  0.36580702662467957        1.4820261036176436        1.4820261036176436       0.41430798608321950        1.8963340897008631     
  0.37119579315185547        1.5053200583193631        1.5053200583193631       0.42155636944787284        1.9268764277672359     
  0.37658455967903137        1.5293116331819052        1.5293116331819052       0.42871164919436844        1.9580232823762738     
  0.38197332620620728        1.5541355601555460        1.5541355601555460       0.43577481222253567        1.9899103723780818     
  0.38736209273338318        1.5781312182450280        1.5781312182450280       0.44274697919635403        2.0208781974413821     
  0.39275082945823669        1.6014611795467015        1.6014611795467015       0.44962929005923352        2.0510904696059349     
  0.39813959598541260        1.6227483121000947        1.6227483121000947       0.45642323157563836        2.0791715436757330     
  0.40352836251258850        1.6428089484134341        1.6428089484134341       0.46313016980258609        2.1059391182160203     
  0.40891712903976440        1.6617980073751835        1.6617980073751835       0.46975166139097518        2.1315496687661586     
  0.41430589556694031        1.6800450753779654        1.6800450753779654       0.47628923489711000        2.1563343102750756     
  0.41969466209411621        1.6982205395928820        1.6982205395928820       0.48274456740030791        2.1809651069931899     
  0.42508342862129211        1.7171444777437443        1.7171444777437443       0.48911933978250272        2.2062638175262470     
  0.43047219514846802        1.7366313941130465        1.7366313941130465       0.49541525522980073        2.2320466493428470     
  0.43586096167564392        1.7572543154610030        1.7572543154610030       0.50163396859926901        2.2588882840602720     
  0.44124972820281982        1.7783457148013966        1.7783457148013966       0.50777726584663674        2.2861229806480332     
  0.44663849472999573        1.7998638518417278        1.7998638518417278       0.51384685818775078        2.3137107100294787     
  0.45202726125717163        1.8211289057685944        1.8211289057685944       0.51984441204545251        2.3409733178140470     
  0.45741602778434753        1.8422665325831018        1.8422665325831018       0.52577164982914004        2.3680381824122421     
  0.46280479431152344        1.8623012067440134        1.8623012067440134       0.53163017667983670        2.3939313834238503     
  0.46819356083869934        1.8820029065863897        1.8820029065863897       0.53742176972831468        2.4194246763147045     
  0.47358232736587524        1.9005969546005357        1.9005969546005357       0.54314789660949403        2.4437448512100297     
  0.47897109389305115        1.9189507765263312        1.9189507765263312       0.54881023108766547        2.4677610076139969     
  0.48435983061790466        1.9371989572447945        1.9371989572447945       0.55441018257511154        2.4916091398199063     
  0.48974859714508057        1.9554033069967063        1.9554033069967063       0.55994935772582977        2.5153526647225362     
  0.49513736367225647        1.9740790563789155        1.9740790563789155       0.56542919750991971        2.5395082538888349     
  0.50052613019943237        1.9928341471091802        1.9928341471091802       0.57085104526100028        2.5636851923701807     
  0.50591492652893066        2.0120876098776392        2.0120876098776392       0.57621628426397264        2.5883038941416121     
  0.51130366325378418        2.0314938784355578        2.0314938784355578       0.58152620081001849        2.6130200792455764     
  0.51669245958328247        2.0508009501049860        2.0508009501049860       0.58678208570480483        2.6375830358097909     
  0.52208119630813599        2.0700407231047433        2.0700407231047433       0.59198512104158130        2.6620258441463247     
  0.52746993303298950        2.0889201542711131        2.0889201542711131       0.59713647121566871        2.6860566254867817     
  0.53285872936248779        2.1073745794701675        2.1073745794701675       0.60223732425454679        2.7096119037247144     
  0.53824746608734131        2.1256544641307848        2.1256544641307848       0.60728864541516958        2.7329431095459542     
  0.54363626241683960        2.1434320513870597        2.1434320513870597       0.61229160300889163        2.7557236543959513     
  0.54902499914169312        2.1611805718524399        2.1611805718524399       0.61724703467713793        2.7784276065295779     
  0.55441379547119141        2.1788209172889057        2.1788209172889057       0.62215602081904064        2.8009769381079463     
  0.55980253219604492        2.1964297368617425        2.1964297368617425       0.62701932880479772        2.8234490656665403     
  0.56519132852554321        2.2142213437423943        2.2142213437423943       0.63183796889552568        2.8460593126379199     
  0.57058006525039673        2.2321018253515645        2.2321018253515645       0.63661265616325757        2.8687144815148220     
  0.57596886157989502        2.2499722840800978        2.2499722840800978       0.64134423615360714        2.8913165202337048     
  0.58135759830474854        2.2678589842908465        2.2678589842908465       0.64603338257105869        2.9138923668619050     
  0.58674639463424683        2.2857210778486352        2.2857210778486352       0.65068089890651826        2.9364019767551532     
  0.59213513135910034        2.3033295366028814        2.3033295366028814       0.65528743887755880        2.9586169754804401     
  0.59752392768859863        2.3208693890898746        2.3208693890898746       0.65985372287306909        2.9807231119629436     
  0.60291266441345215        2.3382272486739337        2.3382272486739337       0.66438020191617642        3.0026074505901104     
  0.60830146074295044        2.3552774534938141        2.3552774534938141       0.66886771275312629        3.0241451662469405     
  0.61369019746780396        2.3722997770255811        2.3722997770255811       0.67331663667056407        3.0456164136961452     
  0.61907899379730225        2.3891964808608215        2.3891964808608215       0.67772760749690508        3.0669240883577267     
  0.62446773052215576        2.4060431154287154        2.4060431154287154       0.68210114490026430        3.0881442603289795     
  0.62985646724700928        2.4228559296410488        2.4228559296410488       0.68643770064743659        3.1092936302884855     
  0.68127381801605225        2.5809325995924097        2.5809325995924097       0.72604394411961926        3.3069765437120289     
  0.73688852787017822        2.7446209060446374        2.7446209060446374       0.76553216678037717        3.5101530728250143     
  0.79704326391220093        2.9141006397131859        2.9141006397131859       0.80467724626015558        3.7187778859733416     
  0.86210858821868896        3.0895509260690130        3.0895509260690130       0.84319203851495439        3.9327429645839675     
  0.93248546123504639        3.2707297578312904        3.2707297578312904       0.88073718164570514        4.1514669394769959     
   1.0086073875427246        3.4579294248897630        3.4579294248897630       0.91692923686672034        4.3748586617564831     
   1.0909434556961060        3.6508426106380445        3.6508426106380445       0.95134953376592435        4.6021921444039684     
   1.1800009012222290        3.8496018801058196        3.8496018801058196       0.98355676398611402        4.8331586440919336     
   1.2763283252716064        4.0542142494440352        4.0542142494440352        1.0131021393031856        5.0673163887472210     
   1.3805193901062012        4.2645769613114748        4.2645769613114748        1.0395467020157647        5.3041236633272391     
   1.4932159185409546        4.4806507041162851        4.4806507041162851        1.0624787060662786        5.5431294101825639     
   1.6151121854782104        4.7024870178732483        4.7024870178732483        1.0815328203508923        5.7840198382241406     
   1.7469592094421387        4.9300202252674676        4.9300202252674676        1.0964104825261478        6.0264307077936152     
   1.8895695209503174        5.1631695902335419        5.1631695902335419        1.1068997757775323        6.2700693660110742     
   1.9711295366287231        5.2910704901302141        5.2910704901302141        1.1106867918795247        6.4017572820097390     
   2.4582746028900146        5.9858040848268272        5.9858040848268272        1.1093969122462251        7.0952009970730519     
   3.0658125877380367        6.7240239812868747        6.7240239812868747        1.0758939873819457        7.7999179686688205     
   3.8234977722167969        7.5048164418741647        7.5048164418741647        1.0180188969962700        8.5228353388704345     
   4.7684373855590820        8.3270934962212646        8.3270934962212646       0.94520170517408353        9.2722952013953481     
   5.9469089508056632        9.1897454212493646        9.1897454212493646       0.86582621270853033        10.055571633957895     
   7.4166288375854492        10.091761379958244        10.091761379958244       0.78605685280331905        10.877818232761564     
   9.2495746612548828        11.031971084246077        11.031971084246077       0.70979146084351219        11.741762545089589     
   11.535514831542971        12.009168885676571        12.009168885676571       0.63910358902901176        12.648272474705582     
   14.386403083801270        13.022065650302986        13.022065650302986       0.57477147770966208        13.596837128012648     
   17.941860198974609        14.069214289545144        14.069214289545144       0.51688266016693507        14.586096949712079     
   22.376010894775387        15.149111426577273        15.149111426577273       0.46528630242505303        15.614397729002325     
   27.906021118164059        16.259861422167241        16.259861422167241       0.41943201313271966        16.679293435299961     
   34.802715301513665        17.399013561621512        17.399013561621512       0.37886354073277673        17.777877102354289     
   43.403861999511719        18.563254315665304        18.563254315665304       0.34295497702081540        18.906209292686121     
   54.130695343017578        19.747765811544703        19.747765811544703       0.31111765621777621        20.058883467762477     
   67.508560180664062        20.945597615276849        20.945597615276849       0.28291107492109457        21.228508690197945     
   84.192626953125000        22.146017302015942        22.146017302015942       0.25794715513180977        22.403964457147751     
   104.99999237060543        23.333533809578324        23.333533809578324       0.23574211400513048        23.569275923583454     
