  0.14346134662628174       0.46780992132409172       0.38077412955921375        3.8250585346006230E-003  0.38459918809381438     
   1.3613285496830942E-002   2.6528589633818393E-003   2.6482943149177978E-003   2.8453929007746322E-009   2.6482971603106987E-003
  0.22434926033020020       0.82542793291303740       0.66376323903856560        4.1821356013215134E-002  0.70558459505178073     
  0.74625784158706665        2.6832889172931167        2.1032357405102666        4.1172105437253501        6.2204462842356172     
   6.5724256273824749E-005   3.6771867372922684E-012   3.6771865918093182E-012   4.0928065831795932E-025   3.6771865918097278E-012
   5.7223495095968238E-003   1.3144326144077489E-004   1.3142388977273073E-004   9.9047021347775467E-012   1.3142389967743287E-004
   3.2385565340518958E-002   2.7955695358249971E-002   2.7427977915451176E-002   5.2009748042709240E-007   2.7428498012931603E-002
   8.0171324312686906E-002  0.19087428886060742       0.16736130559144383        1.2019231324257652E-004  0.16748149790468642     
  0.14589558541774750       0.47449288487298702       0.38749184472718295        4.2058982917112554E-003  0.39169774301889421     
   1.4074709266424176E-002   2.9497965470312473E-003   2.9442202309771549E-003   3.5106346898383854E-009   2.9442237416118446E-003
   9.1725596575997797E-005   1.3628288546964216E-011   1.3628288586410718E-011   4.0800268252318947E-024   1.3628288586414797E-011
  0.23332205414772034       0.87808241358631844       0.69670729362722028        5.0692022599247877E-002  0.74739931622646816     
   5.9163090772926807E-003   1.4849412423204535E-004   1.4847007001326195E-004   1.2380257652766263E-011   1.4847008239351960E-004
  0.93126714229583740        3.1691789767221579        2.4838518045137419        7.8998718822463045        10.383723686760046     
   3.3483278006315224E-002   3.0064481268294429E-002   2.9449060304260786E-002   6.3070980795680117E-007   2.9449691014068743E-002
   8.2605555653572083E-002  0.19861846264301899       0.17362325691089259        1.4357308239852857E-004  0.17376682999329113     
  0.14832980930805206       0.48143225480126089       0.39442231826862451        4.6163370642078290E-003  0.39903865533283234     
   1.4551772736012939E-002   3.2769713527977030E-003   3.2701645642665492E-003   4.3284353828102354E-009   3.2701688927019319E-003
   1.2801337288692596E-004   5.0508757275383155E-011   5.0508756751712345E-011   4.1139125702222133E-023   5.0508756751753484E-011
   6.1168433167040331E-003   1.6768874690334994E-004   1.6765887063735271E-004   1.5469072601219203E-011   1.6765888610642532E-004
  0.24265372753143308       0.93188934353906216       0.73023897477653799        6.1229804454557009E-002  0.79146877923109504     
   3.4618198871612556E-002   3.2306301666045437E-002   3.1590029440752281E-002   7.6500341122836503E-007   3.1590794444163510E-002
   8.5039786994457231E-002  0.20605556168714972       0.17968379009426386        1.7060579150632917E-004  0.17985439588577018     
  0.15076404809951779       0.48912788868226159       0.40172858180222853        5.0585015741253158E-003  0.40678708337635383     
   1.1621432304382324        3.7010379670684239        2.9008262554591959        14.445690050930699        17.346516306389894     
   1.5045006759464742E-002   3.6366065490115677E-003   3.6283053551501056E-003   5.3325252144089756E-009   3.6283106876753199E-003
   1.7865706468001019E-004   1.8719415135363620E-010   1.8719414765754014E-010   4.1510214020535195E-022   1.8719414765795523E-010
  0.15319827198982239       0.49757358537929497       0.40941648265579045        5.5340394724293744E-003  0.41495052212821981     
   6.3241743482649335E-003   1.8929478568212974E-004   1.8925770642820052E-004   1.9322352246816269E-011   1.8925772575055277E-004
  0.25235861539840698       0.97599174297422853       0.76303227523273609        7.3648179404202277E-002  0.83668045463693841     
   3.5791587084531784E-002   3.4695278131100606E-002   3.3862939058546711E-002   9.2824577704886078E-007   3.3863867304323760E-002
   8.7474018335342421E-002  0.21340868036638283       0.18572137610496231        2.0178312218237991E-004  0.18592315922714470     
   1.4502571821212769        4.2783446947682826        3.3537552974427958        25.078147471406226        28.431902768849021     
   1.5554958954453474E-002   4.0316508716880467E-003   4.0215357437209283E-003   6.5646857471299292E-009   4.0215423084066755E-003
  0.15563251078128815       0.50681970310085422       0.41734203965539163        6.0447122860611798E-003  0.42338675194145281     
   2.4933600798249245E-004   6.9377346699265142E-010   6.9377346956610657E-010   4.1887328861420580E-021   6.9377346957029531E-010
   6.5385331399738797E-003   2.1359365190573015E-004   2.1354764076393979E-004   2.4126580801139120E-011   2.1354766489052059E-004
  0.26245161890983582        1.0095389700344810       0.79585969419768088        8.8224121362961413E-002  0.88408381556064231     
   3.7004746496677406E-002   3.7246300150472311E-002   3.6280327307922335E-002   1.1269054656846194E-006   3.6281454213388020E-002
   8.9908249676227583E-002  0.22088578093510033       0.19188599037673365        2.3764784518966027E-004  0.19212363822192330     
  0.15806674957275391       0.51763983810656156       0.42608931532256489        6.5932640946514747E-003  0.43268257941721638     
   1.6082195565104481E-002   4.4646327732806483E-003   4.4523189186244285E-003   8.0749723753132105E-009   4.4523269935968042E-003
   1.8097990751266479        4.9004864937193506        3.8420234468842778        41.290709091648445        45.132732538532721     
   3.4797642729245121E-004   2.5712432092563923E-009   2.5712430885781136E-009   4.2269067712987831E-020   2.5712430886203825E-009
   6.7601571790874004E-003   2.4091491490292434E-004   2.4085785358241452E-004   3.0114868088846977E-011   2.4085788369728261E-004
  0.27294832468032837        1.0422488656675470       0.82981801845230774       0.10532807047263058       0.93514608892493833     
  0.16050097346305847       0.52950372549135449       0.43512665220469715        7.1808643390609611E-003  0.44230751654375811     
   9.2342481017112718E-002  0.22869287653466203       0.19831288485241685        2.7879843105872942E-004  0.19859168328347560     
   3.8259025663137436E-002   3.9978175927686994E-002   3.8858094351832836E-002   1.3689920044628566E-006   3.8859463343837303E-002
   1.6627304255962372E-002   4.9386600870924870E-003   4.9236832573561554E-003   9.9248733358648313E-009   4.9236931822294909E-003
   2.2584774494171143        5.5665745149713155        4.3649963774148066        64.789209586159373        69.154205963574185     
   4.8564025200903416E-004   9.5294698189599141E-009   9.5294684142911342E-009   4.2655785253355618E-019   9.5294684147176914E-009
   6.9892937317490552E-003   2.7160937131519682E-004   2.7153863633600715E-004   3.7574987443249587E-011   2.7153867391099460E-004
  0.16293521225452423       0.54229250053420697       0.44434417991154973        7.8091895097140785E-003  0.45215336942126383     
  0.28386482596397400        1.0878373734141331       0.86604838236899195       0.12541709730282355       0.99146547967181553     
   9.4776712357997908E-002  0.23704473602481047       0.20512647478122911        3.2589535404142783E-004  0.20545237013527054     
   3.9555817842483514E-002   4.2913325987759210E-002   4.1615122981251300E-002   1.6644220830663742E-006   4.1616787403334368E-002
   1.7190888524055477E-002   5.4565984459613859E-003   5.4383997941889438E-003   1.2188411775033459E-008   5.4384119826007184E-003
   6.7776557989418517E-004   3.5317849580748169E-008   3.5317838061063366E-008   4.3047963975964203E-018   3.5317838065368160E-008
   2.8183901309967045        6.2757139687003543        4.9224432172978876        97.949949103968223        102.87239232126610     
   7.2261965833604336E-003   3.0608054408913401E-004   3.0599288399027897E-004   4.6865533172978021E-011   3.0599293085581213E-004
  0.16536943614482880       0.55650143709575484       0.45422657209489148        8.4808173191438536E-003  0.46270738941403533     
  0.29521793127059937        1.1455874824587295       0.90366149286395470       0.14892496263675850        1.0525864555007132     
   4.0896568447351463E-002   4.6077619424363551E-002   4.4573018246524813E-002   2.0254747603533176E-006   4.4575043721285165E-002
   9.7210943698883057E-002  0.24618944094269460       0.21249744178099000        3.7967337272268813E-004  0.21287711515371269     
   1.7773576080799106E-002   6.0215808116839730E-003   5.9994918463740264E-003   1.4955627075992820E-008   5.9995068020011026E-003
   9.4589800573885452E-004   1.3089396837999631E-007   1.3089385168868980E-007   4.3445168579359837E-017   1.3089385173213496E-007
  0.16780367493629456       0.57142451217524093       0.46417193006595647        9.1966256045260160E-003  0.47336855567048247     
   7.4711292982101423E-003   3.4476441812443401E-004   3.4465586225116145E-004   5.8429726763878712E-011   3.4465592068088822E-004
   3.5171141624450684        7.0268524580980216        5.5115872607555652        144.60173877249503        150.11332603325059     
  0.30702510476112366        1.2037525645110490       0.94232479953255333       0.17624653532595158        1.1185713348585049     
   4.2282763868570321E-002   4.9500860700442663E-002   4.7756293953114537E-002   2.4673665424529935E-006   4.7758761319656992E-002
   9.9645175039768219E-002  0.25621336006924766       0.22044942523388494        4.4088149177392216E-004  0.22089030672565887     
   1.8376013264060017E-002   6.6368585367918278E-003   6.6100757409004616E-003   1.8335659327422498E-008   6.6100940765597893E-003
   1.3201070250943303E-003   4.8418670782334272E-007   4.8418563576169188E-007   4.3770174547634254E-016   4.8418563619939362E-007
  0.17023789882659912       0.58694259287842965       0.47427185979614933        9.9582753768215591E-003  0.48423013517297087     
   7.7243638224899751E-003   3.8815190797084211E-004   3.8801753747559441E-004   7.2817750785440866E-011   3.8801761029334521E-004
   4.3890633583068848        7.8189275248078891        6.1328465155218037        210.87540989432392        217.00825640984573     
  0.31930449604988098        1.2513128340022508       0.98140815598851106       0.20779983619404205        1.1892079921825531     
   4.3715942651033408E-002   5.3218083971929980E-002   5.1193652903015884E-002   3.0089947952737905E-006   5.1196661897811156E-002
  0.10207940638065337       0.26720387219415925       0.22898623595832468        5.1032654153748247E-004  0.22949656249986217     
   1.8998870626091957E-002   7.3054080860438745E-003   7.2729765471886204E-003   2.2459779824623986E-008   7.2729990069684454E-003
  0.17267213761806488       0.60292089918470748       0.48444240912656811        1.0767404409159125E-002  0.49520981353572724     
   1.8423578003421421E-003   1.7777426042465365E-006   1.7777321986236935E-006   4.3798157891717412E-015   1.7777322030035092E-006
   7.9861823469400441E-003   4.3678369066725304E-004   4.3661743282736139E-004   9.0710710556342912E-011   4.3661752353807193E-004
   5.4771823883056632        8.6506919822334609        6.7852410343332688        306.64604383030888        313.43128486464218     
   4.5197699218988419E-002   5.7264464442452159E-002   5.4912624247873930E-002   3.6736579842205031E-006   5.4916297905858148E-002
  0.10451363772153854       0.27918756188869476       0.23811018055440922        5.8885067434995893E-004  0.23869903122875918     
  0.33207502961158752        1.2935356263220146        1.0213511443265548       0.24417976477371695        1.2655309091002718     
   1.9642839208245277E-002   8.0309398969172323E-003   7.9917160465557465E-003   2.7488470301748008E-008   7.9917435350260486E-003
  0.17510636150836945       0.61887499906508758       0.49451322266817893        1.1625004538002359E-002  0.50613822720618129     
   2.5712174829095593E-003   6.4538307628120144E-006   6.4537334564319851E-006   4.3377964227018594E-014   6.4537334998099492E-006
   8.2568749785423279E-003   4.9125236206654143E-004   4.9104676569354695E-004   1.1295053697738417E-010   4.9104687864408390E-004
   4.6729680150747292E-002   6.1684564570364281E-002   5.8948586882509209E-002   4.4904007766597045E-006   5.8953077283285867E-002
  0.17754060029983521       0.63471553626270305       0.50450328744017647        1.2532685484544392E-002  0.51703597292472092     
  0.10694787651300429       0.29212336012728202       0.24777989374979206        6.7732192846906816E-004  0.24845721567826112     
   2.0308634266257290E-002   8.8160168201820762E-003   8.7686550093609133E-003   3.3612345155677195E-008   8.7686886217060687E-003
   3.5884229000657784E-003   2.3047844298964216E-005   2.3046944863260728E-005   4.2328493231682182E-013   2.3046945286545660E-005
   6.8350634574890146        9.5209452406339157        7.4678270492982515        448.44436668631118        455.91219373560943     
  0.34535628557205195        1.3445714363939925        1.0627547606719949       0.28615851133039394        1.3489132720023889     
   8.5367420688271540E-003   5.5222592304820812E-004   5.5197184081202618E-004   1.4058132901521876E-010   5.5197198139335520E-004
  0.17997482419013977       0.64969042021853873       0.51410253182814347        1.3490766913525696E-002  0.52759329874166916     
   4.8313587903976433E-002   6.6514514136904054E-002   6.3327221442908505E-002   5.4947067490914947E-006   6.3332716149657589E-002
  0.10938210785388945       0.30590045793289433       0.25788060395721424        7.7662325201569016E-004  0.25865722720922990     
   2.0996998995542526E-002   9.6649417623048683E-003   9.6078349925989744E-003   4.1066976683726754E-008   9.6078760595756582E-003
   3.7100529298186294E-003   2.6146505987488565E-005   2.6145385452413617E-005   5.3103384171539046E-013   2.6145385983447459E-005
  0.35916873812675476        1.4061026967606320        1.1052278141746685       0.33449069076840038        1.4397185049430690     
   8.8260965421795862E-003   6.2041434481632102E-004   6.2010049911184187E-004   1.7488785915208733E-010   6.2010067399970105E-004
   8.5295858383178711        10.428399464828079        8.1795926132469159        664.45441607994292        672.63400869318980     
  0.18240906298160550       0.66429181976818708       0.52355590717420808        1.4501821005441749E-002  0.53805772817964981     
   4.9951180815696716E-002   7.1803456003373345E-002   6.8085345767015859E-002   6.7308240190314817E-006   6.8092076591034889E-002
  0.11181633919477463       0.32034274250370459       0.26829842428117479        8.8764583771218321E-004  0.26918607011888696     
   2.1708693355321888E-002   1.0579563394462943E-002   1.0510843744590796E-002   5.0128379519895154E-008   1.0510893872970316E-002
   3.8358056917786585E-003   2.9654500528387262E-005   2.9653102167763221E-005   6.6606448211101278E-013   2.9653102833827705E-005
   9.1252578422427143E-003   6.9664045422393093E-004   6.9625304650571863E-004   2.1746688753044538E-010   6.9625326397260612E-004
  0.37353360652923584        1.4662994609932185        1.1489754843936963       0.38984306385252832        1.5388185482462247     
   10.644206047058104        11.371772681866647        8.9195332797575606        1004.6317515684773        1013.5512848482349     
  0.18484328687191010       0.67735684015570230       0.53258051117636507        1.5565167939133774E-002  0.54814567911549883     
   5.1644284278154380E-002   7.7584225538008492E-002   7.3242280103373691E-002   8.2524891984396645E-006   7.3250532592572137E-002
  0.11425057053565979       0.33521944369797252       0.27888707296741277        1.0112819769432448E-003  0.27989835494435600     
   2.2444512695074085E-002   1.1564953538756029E-002   1.1482400489957405E-002   6.1141903800533708E-008   1.1482461631861205E-002
   3.9658206515014163E-003   3.3625139332092858E-005   3.3623396211485129E-005   8.3525284770453657E-013   3.3623397046737976E-005
   9.4345593824982626E-003   7.8174484161213904E-004   7.8126688843705198E-004   2.7027209573340580E-010   7.8126715870914770E-004
  0.38847300410270691        1.5187928247555027        1.1935335964884293       0.45299332484856558        1.6465269213369949     
  0.18727752566337585       0.68956232997748779       0.54128963479477976        1.6683684427615798E-002  0.55797331922239557     
   13.283076286315920        12.349664963220668        9.6865490968042209        1557.9607856053535        1567.6473347021577     
   5.3394772112369544E-002   8.3933506455532367E-002   7.8855407537753386E-002   1.0128106114010557E-005   7.8865535643867390E-002
  0.11668480187654497       0.35026215502260982       0.28949308289127457        1.1484237669832948E-003  0.29064150665825789     
   2.3205272853374478E-002   1.2621943108786445E-002   1.2523004908007047E-002   7.4506876877967444E-008   1.2523079414883925E-002
   4.1002426296472549E-003   3.8117267150759408E-005   3.8115095333149148E-005   1.0471681896396426E-012   3.8115096380317339E-005
   9.7543448209762608E-003   8.7673972227580489E-004   8.7615045953048931E-004   3.3573988619068914E-010   8.7615079527037551E-004
  0.18971176445484164       0.70056049944383436       0.54968695947446822        1.7858183499593713E-002  0.56754514297406189     
  0.40400987863540649        1.5739581037983188        1.2393034521460105       0.52505243954595870        1.7643558916919693     
   5.5829003453254707E-002   9.3250654510666206E-002   8.6999806621704132E-002   1.3327296390113995E-005   8.7013133918094246E-002
   16.576164245605469        13.360546588328909        10.479440771587859        2483.2312773389290        2493.7107181105166     
  0.11911903321743011       0.36518566291885157       0.29996426674264909        1.2999655681657305E-003  0.30126423231081484     
   2.3991817608475682E-002   1.3756633548126621E-002   1.3638292191993411E-002   9.0729490644342802E-008   1.3638382921484055E-002
   4.2392206378281099E-003   4.3198727917991171E-005   4.3196019911625969E-005   1.3125563968648443E-012   4.3196021224182362E-005
   1.0084969922900203E-002   9.8260733597452894E-004   9.8188133864018771E-004   4.1683092401523061E-010   9.8188175547111165E-004
  0.19214598834514618       0.71015320574058982       0.55774738828546266        1.9089697243478830E-002  0.57683708552894153     
  0.42016816139221191        1.6375159687785832        1.2862680332754002       0.60722274722076874        1.8934907804961689     
   5.8263234794139855E-002  0.10309692189787789        9.5491602123167388E-002   1.7339296504191040E-005   9.5508941419671575E-002
  0.12155326455831526       0.37971010116406068       0.31013144481728466        1.4668111321198584E-003  0.31159825594940455     
   2.4805022403597832E-002   1.4968579038280871E-002   1.4827409298185297E-002   1.1038813354732445E-007   1.4827519686318845E-002
   4.3829097412526625E-003   4.8943407101342900E-005   4.8940031812052310E-005   1.6447814217678420E-012   4.8940033456833735E-005
   20.685659408569336        14.402652685241826        11.296824337778899        4065.5021960300423        4076.7990203678214     
   1.0426800698041914E-002   1.1005880876099369E-003   1.0996940703403555E-003   5.1725148207535958E-010   1.0996945875918376E-003
  0.19458022713661194       0.71909085767370662       0.56564942407985153        2.0381430147473015E-002  0.58603085422732459     
  0.43697270750999451        1.7016014359309337        1.3342382094027816       0.70060404060552794        2.0348422500083094     
   6.0697466135025011E-002  0.11335676290552348       0.10422106891521486        2.2314532227904696E-005  0.10424338344744277     
  0.12398749589920045       0.39349697631416569       0.31991365517993342        1.6498283347197525E-003  0.32156348351465319     
   2.5645792484283451E-002   1.6265299603691458E-002   1.6097267598962593E-002   1.3422596099543602E-007   1.6097401824923589E-002
   4.5314687304198725E-003   5.5437528854225655E-005   5.5433326578678864E-005   2.0606185148983788E-012   5.5433328639297378E-005
  0.19701445102691648       0.72659490112231340       0.57320125702491642        2.1733068592605150E-002  0.59493432561752158     
   1.0780218057334425E-002   1.2318133894331212E-003   1.2307158423124785E-003   6.4147254732621626E-010   1.2307164837850259E-003
   25.813966751098636        15.473851005390902        12.137026397118651        6815.6098876389851        6827.7469140361036     
  0.45444932579994202        1.7617429192197269        1.3834432365775022       0.80645255918804071        2.1898957957655432     
   6.3131697475910173E-002  0.12387841821079894       0.11305500545651130        2.8418144195783340E-005  0.11308342360070708     
  0.12642173469066620       0.40625854833136660       0.32905037442245549        1.8499097331280058E-003  0.33090028415558348     
   4.6850633807480335E-003   6.2773518551133717E-005   6.2768287915764898E-005   2.5808648152592289E-012   6.2768290496629714E-005
   2.6515059173107144E-002   1.7644939908867233E-002   1.7445518286965708E-002   1.6308374086929103E-007   1.7445681370706578E-002
   1.1145615018904206E-002   1.3777993665498580E-003   1.3764504843722602E-003   7.9511673995351586E-010   1.3764512794890002E-003
  0.19944868981838226       0.73386925989655272       0.58089873750374987        2.3149048156769388E-002  0.60404778566051931     
  0.47262492775917053        1.8253544603922092        1.4337345154935033       0.92642650463822473        2.3601610201317280     
   32.213661193847663        16.571425687240708        12.997917289345263        11647.088019833545        11660.085937122891     
   6.5565928816795363E-002  0.13444131227072298       0.12180813775051358        3.5825782722766928E-005  0.12184396353323634     
  0.12885595858097076       0.41795043128507936       0.33767092163839990        2.0681147424220091E-003  0.33973903638082192     
   4.8438645899295790E-003   7.1060888397545728E-005   7.1054373629194642E-005   3.2316832234442042E-012   7.1054376860877860E-005
   2.7413789182901382E-002   1.9116418391672760E-002   1.8880303323908051E-002   1.9805151404531951E-007   1.8880501375422097E-002
   1.1523396708071232E-002   1.5398222657843745E-003   1.5381661332920223E-003   9.8490717251532707E-010   1.5381671181991948E-003
  0.20742559432983398       0.75570681569771947       0.60564875730123613        2.8259526305682191E-002  0.63390828360691831     
  0.49152743816375732        1.8935170921432702        1.4851915229598931        1.0622501823677644        2.5474417053276577     
   6.8000160157680498E-002  0.14490485785767629       0.13038052281102053        4.4736969608628332E-005  0.13042525978062916     
   40.199947357177734        17.691722428650333        13.876629823445116        20192.424550016523        20206.301179839968     
  0.13129019737243652       0.42853589848102508       0.34577019003809689        2.3055392115959323E-003  0.34807572924969282     
   5.0080479122698324E-003   8.0414719660372479E-005   8.0406614813268847E-005   4.0453881364066624E-012   8.0406618858656990E-005
  0.21572153270244598       0.78426670643923513       0.63315476185695418        3.4415157526260613E-002  0.66756991938321475     
   2.8342982754111287E-002   2.0678180679711715E-002   2.0399445586719439E-002   2.4037161184087888E-007   2.0399685958331280E-002
   1.1913984082639219E-002   1.7197143695500804E-003   1.7176824782089242E-003   1.2193376211486431E-009   1.7176836975465453E-003
  0.51118594408035278        1.9602089200321844        1.5376593208310589        1.2156368366147177        2.7532961574457766     
   7.0434391498565660E-002  0.15509065431698860       0.13864143550538965        5.5365417936353917E-005  0.13869680092332601     
  0.13372442126274112       0.43805022868574872       0.35340305045391779        2.5633570206202577E-003  0.35596640747453806     
   5.1777958869934073E-003   9.0973594232047125E-005   9.0963514110978036E-005   5.0626943410947627E-012   9.0963519173672372E-005
   50.166156768798821        18.829418398418046        14.768989277868023        35360.140482715855        35374.909471993720     
   1.2317809276282782E-002   1.9189310680720972E-003   1.9164404598134663E-003   1.5085068097728056E-009   1.9164419683202760E-003
   2.9303671792149551E-002   2.2339513901800580E-002   2.2011270189849896E-002   2.9163909365771026E-007   2.2011561828943555E-002
  0.53163075447082520        2.0279861341775485        1.5913391942253989        1.3887135888268007        2.9800527830521997     
   7.2868622839450836E-002  0.16482141827528576       0.14647431615877954        6.7942463557640632E-005  0.14654225862233719     
  0.13615866005420685       0.44658183359609954       0.36065533602371269        2.8428297373298841E-003  0.36349816576104260     
   5.3532980382442466E-003   1.0288105723991616E-004   1.0286851973376902E-004   6.3337663423040928E-012   1.0286852606753536E-004
   1.2735323049128057E-002   2.1396127977885951E-003   2.1365621311158528E-003   1.8651612460365738E-009   2.1365639962770988E-003
   3.0296923592686646E-002   2.4100652283027796E-002   2.3715194843820415E-002   3.5370827531684543E-007   2.3715548552095733E-002
   62.603153228759744        19.976601839075730        15.668791555522604        62311.082337620668        62326.751129176191     
  0.55289316177368164        2.0990702283099165        1.6461365362247438        1.5838389442187497        3.2299754804434935     
   7.5302861630916595E-002  0.17406111332461702       0.15387787480479623        8.2738541738780713E-005  0.15396061334653502     
  0.13859288394451141       0.45414580089601997       0.36746695934396273        3.1451914528049870E-003  0.37061215079676774     
   5.5347485467791557E-003   1.1631100812315881E-004   1.1629541913420717E-004   7.9218302817445215E-012   1.1629542705603745E-004
   1.3166988268494608E-002   2.3834441436098603E-003   2.3797110918585087E-003   2.3044489215803720E-009   2.3797133963074303E-003
   3.1323838979005821E-002   2.5971544790361113E-002   2.5519967882415284E-002   4.2893038275949630E-007   2.5520396812798045E-002
   78.123474121093750        21.121175854866173        16.566545757369880        110167.14787832361        110183.71442408097     
   7.7737092971801758E-002  0.18273263495137210       0.16082265839500084        1.0004330766194998E-004  0.16092270170266279     
  0.57500600814819336        2.1705675087406466        1.7021086743586322        1.8034352666418898        3.5055439410005222     
  0.14102712273597717       0.46109484572708820       0.37412776030969774        3.4720327185183788E-003  0.37759979302821611     
  0.59800326824188232        2.2431740595430059        1.7592088911120585        2.0502855470178072        3.8094944381298657     
   97.491539001464844        22.244497060870351        17.447631056434201        194941.25569720642        194958.70332826284     
   121.66125488281250        23.374244203440654        18.333756525069312        345289.88022572920        345308.21398225427     
   151.82302856445307        24.561233989483323        19.264779728896670        613091.42624247598        613110.69102220493     
