   1.0497607945580963E-005   3.1663939435455557E-015   3.1663939435455557E-015   6.2372881794024650E-017   3.2287668253395805E-015
   1.1591339898586732E-005   4.6756130135445553E-015   4.6756130135445553E-015   8.3972196244697423E-017   4.7595852097892524E-015
   1.2799026990251152E-005   6.9041824179474443E-015   6.9041824179474443E-015   1.1304711157802852E-016   7.0172295295254725E-015
   1.4132539945421730E-005   1.0194965750887974E-014   1.0194965750887974E-014   1.5219405420372550E-016   1.0347159805091699E-014
   1.5604990039719259E-005   1.5054256581260887E-014   1.5054256581260887E-014   2.0489251713091804E-016   1.5259149098391804E-014
   1.7230853700311858E-005   2.2229666902367325E-014   2.2229666902367325E-014   2.7584242014505665E-016   2.2505509322512381E-014
   1.9026114387088472E-005   3.2825143435019196E-014   3.2825143435019196E-014   3.7135591632727655E-016   3.3196499351346473E-014
   2.1008419935242280E-005   4.8470804000125114E-014   4.8470804000125114E-014   4.9994367960268717E-016   4.8970747679727802E-014
   2.3197258997242881E-005   7.1573753815652166E-014   7.1573753815652166E-014   6.7305655644305533E-016   7.2246810372095227E-014
   2.5614152036723674E-005   1.0568843940026277E-013   1.0568843940026277E-013   9.0611322033895919E-016   1.0659455262060172E-013
   2.8282855055294934E-005   1.5606337374111267E-013   1.5606337374111267E-013   1.2198674708694357E-015   1.5728324121198210E-013
   3.1229610613081618E-005   2.3044894257171680E-013   2.3044894257171680E-013   1.6422639334725177E-015   2.3209120650518932E-013
   3.4483382478356355E-005   3.4028932441025604E-013   3.4028932441025604E-013   2.2109224325628403E-015   3.4250024684281886E-013
   3.8076159398769946E-005   5.0248358454758817E-013   5.0248358454758817E-013   2.9764835256320038E-015   5.0546006807322014E-013
   4.2043262510560433E-005   7.4198549845980654E-013   7.4198549845980654E-013   4.0071350894328886E-015   7.4599263354923943E-013
   4.6423694584518691E-005   1.0956428935596378E-012   1.0956428935596378E-012   5.3946572456067434E-015   1.1010375508052445E-012
   5.1260518375784186E-005   1.6178663574443341E-012   1.6178663574443341E-012   7.2626277573731601E-015   1.6251289852017071E-012
   5.6601285905344405E-005   2.3890008539554086E-012   2.3890008539554086E-012   9.7774114697103186E-015   2.3987782654251189E-012
   6.2498496845364544E-005   3.5276854059516873E-012   3.5276854059516873E-012   1.3162972031954806E-014   3.5408483779836422E-012
   6.9010129664093242E-005   5.2091082120507690E-012   5.2091082120507690E-012   1.7720818279314802E-014   5.2268290303300838E-012
   7.6200209150556434E-005   7.6919615070817480E-012   7.6919615070817480E-012   2.3856898078336771E-014   7.7158184051600852E-012
   8.4139406681060791E-005   1.1358230429134365E-011   1.1358230429134365E-011   3.2117640018027209E-014   1.1390348069152392E-011
   9.2905778728891164E-005   1.6771976738471551E-011   1.6771976738471551E-011   4.3238798763042664E-014   1.6815215537234592E-011
   1.0258550901198752E-004   2.4766113309430904E-011   2.4766113309430904E-011   5.8210789488737362E-014   2.4824324098919640E-011
   1.1327375977998591E-004   3.6570550059241277E-011   3.6570550059241277E-011   7.8367038056690045E-014   3.6648917097297965E-011
   1.2507560313679289E-004   5.4001409739125957E-011   5.4001409739125957E-011   1.0550263400430936E-013   5.4106912373130268E-011
   1.3810706150252369E-004   7.9740445853497331E-011   7.9740445853497331E-011   1.4203425286379991E-013   7.9882480106361129E-011
   1.5249625721480703E-004   1.1774766490658540E-010   1.1774766490658540E-010   1.9121547613238247E-013   1.1793888038271779E-010
   1.6838463488966221E-004   1.7387047822577563E-010   1.7387047822577563E-010   2.5742629869522152E-013   1.7412790452447085E-010
   1.8592840933706603E-004   2.5674350769115146E-010   2.5674350769115146E-010   3.4656344056758855E-013   2.5709007113171904E-010
   2.0530004985630496E-004   3.7911687744855291E-010   3.7911687744855291E-010   4.6656558196466716E-013   3.7958344303051759E-010
   2.2668998281005773E-004   5.5981774885554448E-010   5.5981774885554448E-010   6.2811985579453627E-013   5.6044586871133901E-010
   2.5030851247720415E-004   8.2664733061703965E-010   8.2664733061703965E-010   8.4561434749718063E-013   8.2749294496453679E-010
   2.7638784376904352E-004   1.2206579515262911E-009   1.2206579515262911E-009   1.1384194270267015E-012   1.2217963709533178E-009
   3.0518430867232361E-004   1.8024676594459761E-009   1.8024676594459761E-009   1.5326113485112300E-012   1.8040002707944873E-009
   3.3698105835355824E-004   2.6615895646554083E-009   2.6615895646554083E-009   2.0632977578204165E-012   2.6636528624132286E-009
   3.7209066795185214E-004   3.9302002834038267E-009   3.9302002834038267E-009   2.7777408256427063E-012   3.9329780242294693E-009
   4.1085830889642222E-004   5.8034775941609064E-009   5.8034775941609064E-009   3.7395690941605224E-012   5.8072171632550673E-009
   4.5366509584710002E-004   8.5696271488151029E-009   8.5696271488151029E-009   5.0344425659776123E-012   8.5746615913810811E-009
   5.0093187019228914E-004   1.2654225143744793E-008   1.2654225143744793E-008   6.7776819103550380E-012   1.2661002825655148E-008
   5.5312330368906249E-004   1.8685691478915413E-008   1.8685691478915413E-008   9.1245396848807088E-012   1.8694816018600295E-008
   6.1075249686837186E-004   2.7591975672057125E-008   2.7591975672057125E-008   1.2284026707456216E-011   2.7604259698764581E-008
   6.7438598489388834E-004   4.0743317103544029E-008   4.0743317103544029E-008   1.6537523002607293E-011   4.0759854626546634E-008
   7.4464938370510947E-004   6.0163074437298346E-008   6.0163074437298346E-008   2.2263847060333720E-011   6.0185338284358676E-008
   8.2223338540643454E-004   8.8838978517654688E-008   8.8838978517654688E-008   2.9972970300141254E-011   8.8868951487954830E-008
   9.0790080139413443E-004   1.3118288341652709E-007   1.3118288341652709E-007   4.0351475391039191E-011   1.3122323489191813E-007
   1.0024937801063061E-003   1.9370943167071582E-007   1.9370943167071582E-007   5.4323655790413303E-011   1.9376375532650624E-007
   1.1069423053413627E-003   2.8597592264983240E-007   2.8597592264983240E-007   7.3133860070956176E-011   2.8604905650990337E-007
   1.2222731020301583E-003   4.2195134428645156E-007   4.2195134428645156E-007   9.8457287146696843E-011   4.2204980157359823E-007
   1.3496201718226077E-003   6.2217228668753823E-007   6.2217228668753823E-007   1.3254924204109013E-010   6.2230483592957930E-007
   1.4902353286743162E-003   9.1672313663377082E-007   9.1672313663377082E-007   1.7844584912871490E-010   9.1690158248289950E-007
   1.6455008881166577E-003   1.3495899124673748E-006   1.3495899124673748E-006   2.4023452499220346E-010   1.3498301469923669E-006
   1.8169435206800699E-003   1.9849510902938428E-006   1.9849510902938428E-006   3.2341809872595323E-010   1.9852745083925686E-006
   2.0062483381479974E-003   2.9163233376076976E-006   2.9163233376076976E-006   4.3540447763520712E-010   2.9167587420853329E-006
   2.2152769379317752E-003   4.2795214215816846E-006   4.2795214215816846E-006   5.8616703646185291E-010   4.2801075886181468E-006
   2.4460835848003626E-003   6.2714993350305777E-006   6.2714993350305777E-006   7.8913143537675009E-010   6.2722884664659540E-006
   2.7009379118680945E-003   9.1769721345771406E-006   9.1769721345771406E-006   1.0623731310771376E-009   9.1780345077082169E-006
   2.9823449440300460E-003   1.3406060892270862E-005   1.3406060892270862E-005   1.4302243627330856E-009   1.3407491116633595E-005
   3.2930714078247538E-003   1.9548506507712488E-005   1.9548506507712488E-005   1.9254430958691532E-009   1.9550431950808358E-005
   3.6361722741276017E-003   2.8447484375687245E-005   2.8447484375687245E-005   2.5921286905843274E-009   2.8450076504377828E-005
   4.0150200948119172E-003   4.1306155053201758E-005   4.1306155053201758E-005   3.4896467186186085E-009   4.1309644699920375E-005
   4.4333399273455134E-003   5.9832209597835086E-005   5.9832209597835086E-005   4.6979177172796586E-009   5.9836907515552365E-005
   4.8952437937259674E-003   8.6435729918857380E-005   8.6435729918857380E-005   6.3245253855680207E-009   8.6442054444242947E-005
   5.4052728228271025E-003   1.2450901875134422E-004   1.2450901875134422E-004   8.5142994166138007E-009   1.2451753305076083E-004
   5.9684407897293550E-003   1.7878001946197591E-004   1.7878001946197591E-004   1.1462197351502269E-008   1.7879148165932742E-004
   6.5902848728001144E-003   2.5582411470116175E-004   2.5582411470116175E-004   1.5430661457618585E-008   2.5583954536261938E-004
   7.2769178077578519E-003   3.6466159124862017E-004   3.6466159124862017E-004   2.0772952874458992E-008   3.6468236420149461E-004
   8.0350907519459707E-003   5.1758764139259335E-004   5.1758764139259335E-004   2.7964591577802808E-008   5.1761560598417118E-004
   8.8722556829452532E-003   7.3129794740179439E-004   7.3129794740179439E-004   3.7645600801466337E-008   7.3133559300259587E-004
   9.7966445609927195E-003   1.0279715192809482E-003   1.0279715192809482E-003   5.0677466549781744E-008   1.0280221967474980E-003
   1.0817344300448895E-002   1.4368716743860389E-003   1.4368716743860389E-003   6.8219593952214882E-008   1.4369398939799911E-003
   1.1944388970732692E-002   1.9958903480057264E-003   1.9958903480057264E-003   9.1832303058563499E-008   1.9959821803087851E-003
   1.3188858516514300E-002   2.7529074376928882E-003   2.7529074376928882E-003   1.2361531674809648E-007   2.7530310530096361E-003
   1.4562988653779026E-002   3.7676815034105734E-003   3.7676815034105734E-003   1.6639395512544621E-007   3.7678478973656986E-003
   1.6080286353826523E-002   5.1112356554606142E-003   5.1112356554606142E-003   2.2396933981195771E-007   5.1114596248004263E-003
   1.7755670472979553E-002   6.8663894200754272E-003   6.8663894200754272E-003   3.0145495925890312E-007   6.8666908750346861E-003
   1.9605610519647595E-002   9.1245112815233551E-003   9.1245112815233551E-003   4.0572826861171590E-007   9.1249170097919673E-003
   2.1648293361067772E-002   1.1978853855397870E-002   1.1978853855397870E-002   5.4603751978706776E-007   1.1979399892917656E-002
   2.3903800174593925E-002   1.5523375154639002E-002   1.5523375154639002E-002   7.3481587122341374E-007   1.5524109970510225E-002
   2.6394305750727654E-002   1.9838900367253946E-002   1.9838900367253946E-002   9.8877295979611231E-007   1.9839889140213743E-002
   2.9144294559955593E-002   2.5003044920263104E-002   2.5003044920263104E-002   1.3303576063033786E-006   2.5004375277869407E-002
   3.2180801033973701E-002   3.1102281985975068E-002   3.1102281985975068E-002   1.7897152592532971E-006   3.1104071701234321E-002
   3.5533674061298370E-002   3.8270836203364869E-002   3.8270836203364869E-002   2.4073038324301243E-006   3.8273243507197297E-002
   3.9235882461071007E-002   4.6786015863420731E-002   4.6786015863420731E-002   3.2373875236227279E-006   4.6789253250944352E-002
   4.3323814868927002E-002   5.7163993641080220E-002   5.7163993641080220E-002   4.3526831879951400E-006   5.7168346324268218E-002
   4.7656197100877769E-002   6.9677964998447819E-002   6.9677964998447819E-002   5.7846053009143651E-006   6.9683749603748735E-002
   5.1988579332828529E-002   8.4333848280652088E-002   8.4333848280652088E-002   7.4975023675285769E-006   8.4341345783019619E-002
   5.6320961564779275E-002  0.10124271880392625       0.10124271880392625        9.5152278260920842E-006  0.10125223403175235     
   6.0653343796730055E-002  0.12026785907003010       0.12026785907003010        1.1861209526902183E-005  0.12027972027955700     
   6.4985722303390517E-002  0.14096081090549048       0.14096081090549048        1.4558421038819707E-005  0.14097536932652929     
   6.9318108260631561E-002  0.16242200039482599       0.16242200039482599        1.7629368596605268E-005  0.16243962976342260     
   7.3650486767292023E-002  0.18330287068980808       0.18330287068980808        2.1096037177572103E-005  0.18332396672698564     
   7.7982872724533067E-002  0.20244311329644990       0.20244311329644990        2.4979902791296824E-005  0.20246809319924119     
   8.2315251231193529E-002  0.21935023086559180       0.21935023086559180        2.9301867923588477E-005  0.21937953273351538     
   8.6647629737854004E-002  0.23418642747386315       0.23418642747386315        3.4082293670830760E-005  0.23422050976753397     
   9.0980015695095062E-002  0.24759020989242092       0.24759020989242092        3.9340944365227849E-005  0.24762955083678614     
   9.6368782222270966E-002  0.26394235649136738       0.26394235649136738        4.6578033120060771E-005  0.26398893452448746     
  0.10175754129886626       0.28229861817622254       0.28229861817622254        5.4620111063053532E-005  0.28235323828728559     
  0.10714630782604216       0.30520348194496050       0.30520348194496050        6.3501215836036476E-005  0.30526698316079653     
  0.11253507435321806       0.33384126238363576       0.33384126238363576        7.3253835839851079E-005  0.33391451621947560     
  0.11792384088039397       0.36765375604908113       0.36765375604908113        8.3908896585866948E-005  0.36773766494566701     
  0.12331259995698926       0.40428898189778728       0.40428898189778728        9.5495717457829386E-005  0.40438447761524510     
  0.12870137393474582       0.44039357515118643       0.44039357515118643        1.0804213512484204E-004  0.44050161728631126     
  0.13409014046192172       0.47277686584344186       0.47277686584344186        1.2157427534385015E-004  0.47289844011878573     
  0.13947889208793640       0.49946249728803044       0.49946249728803044        1.3611674527538308E-004  0.49959861403330580     
  0.14486765861511230       0.51977125827024728       0.51977125827024728        1.5169269055130297E-004  0.51992295096079855     
  0.15025642514228821       0.53504742173672915       0.53504742173672915        1.6832357268656598E-004  0.53521574530941574     
  0.15564519166946411       0.54824729931227267       0.54824729931227267        1.8602942024695124E-004  0.54843332873251960     
  0.16103395819664001       0.56327204718629709       0.56327204718629709        2.0482875973351359E-004  0.56347687594603058     
  0.16642272472381592       0.58285640989217535       0.58285640989217535        2.2473868397671830E-004  0.58308114857615212     
  0.17181149125099179       0.60980881907460682       0.60980881907460682        2.4577487315453179E-004  0.61005459394776140     
  0.17720025777816775       0.64241304427115864       0.64241304427115864        2.6795179071829607E-004  0.64268099606187690     
  0.18258900940418243       0.67928968744861096       0.67928968744861096        2.9128225521126485E-004  0.67958096970382220     
  0.18797777593135831       0.71754312652400976       0.71754312652400976        3.1577862582443086E-004  0.71785890514983419     
  0.19336654245853424       0.75375906019309291       0.75375906019309291        3.4145108483013727E-004  0.75410051127792310     
  0.19875530898571014       0.78502028592405537       0.78502028592405537        3.6830996852564655E-004  0.78538859589258103     
  0.20414407551288605       0.80934766712763506       0.80934766712763506        3.9636300102365983E-004  0.80974403012865870     
  0.20953284204006195       0.82734553077016459       0.82734553077016459        4.2561938031396052E-004  0.82777115015047853     
  0.21492160856723788       0.84173089821017844       0.84173089821017844        4.5608349436350595E-004  0.84218698170454198     
  0.22031037509441379       0.85532341268997292       0.85532341268997292        4.8776585110054841E-004  0.85581117854107347     
  0.22569914162158966       0.87101069960264632       0.87101069960264632        5.2066516393672608E-004  0.87153136476658299     
  0.23108789324760434       0.89105126912427779       0.89105126912427779        5.5479581936642135E-004  0.89160606494364425     
  0.23647665977478027       0.91645225769156324       0.91645225769156324        5.9015158766626767E-004  0.91704240927922953     
  0.24186542630195618       0.94677878963814932       0.94677878963814932        6.2674490297563083E-004  0.94740553454112497     
  0.24725419282913208       0.98034438973966342       0.98034438973966342        6.6457525173140670E-004  0.98100896499139478     
  0.25264295935630798        1.0145890298467031        1.0145890298467031        7.0363774249464076E-004   1.0152926675891978     
  0.25803172588348389        1.0467727777205489        1.0467727777205489        7.4396003308633055E-004   1.0475167377536352     
  0.26342049241065979        1.0749034418314152        1.0749034418314152        7.8551255292241828E-004   1.0756889543843375     
  0.26880925893783575        1.0983066306660305        1.0983066306660305        8.2831960092995976E-004   1.0991349502669605     
  0.27419802546501160        1.1175289003887776        1.1175289003887776        8.7238253776478680E-004   1.1184012829265424     
  0.27958679199218750        1.1338481706679551        1.1338481706679551        9.1767366421774562E-004   1.1347658443321729     
  0.28497555851936335        1.1491297116042511        1.1491297116042511        9.6424785877835550E-004   1.1500939594630295     
  0.29036432504653931        1.1659862789943718        1.1659862789943718        1.0120681374127210E-003   1.1669983471317844     
  0.29575309157371527        1.1857952980535698        1.1857952980535698        1.0611119743436774E-003   1.1868564100279135     
  0.30114182829856878        1.2089257564702796        1.2089257564702796        1.1114683151297446E-003   1.2100372247854092     
  0.30653059482574463        1.2351547437414043        1.2351547437414043        1.1630634807056239E-003   1.2363178072221099     
  0.31191936135292053        1.2638212637930275        1.2638212637930275        1.2158755969404499E-003   1.2650371393899680     
  0.31730812788009644        1.2927227598200699        1.2927227598200699        1.2700191345278518E-003   1.2939927789545977     
  0.32269689440727234        1.3204665643309015        1.3204665643309015        1.3254109398134479E-003   1.3217919752707150     
  0.32808566093444824        1.3464101295884126        1.3464101295884126        1.3820123371027710E-003   1.3477921419255152     
  0.33347442746162415        1.3690274956531248        1.3690274956531248        1.4399295633503474E-003   1.3704674252164750     
  0.33886319398880005        1.3885954860811112        1.3885954860811112        1.4991472245070637E-003   1.3900946333056183     
  0.34425196051597590        1.4067668355348699        1.4067668355348699        1.5595670063001451E-003   1.4083264025411701     
  0.34964072704315191        1.4239372003151645        1.4239372003151645        1.6212165832073745E-003   1.4255584168983719     
  0.35502949357032781        1.4420353881216854        1.4420353881216854        1.6842993860064403E-003   1.4437196875076919     
  0.36041826009750366        1.4613412213980428        1.4613412213980428        1.7485767479634509E-003   1.4630897981460063     
  0.36580702662467957        1.4820261036176436        1.4820261036176436        1.8140433996764514E-003   1.4838401470173201     
  0.37119579315185547        1.5053200583193631        1.5053200583193631        1.8808748420359464E-003   1.5072009331613991     
  0.37658455967903137        1.5293116331819052        1.5293116331819052        1.9490616851678515E-003   1.5312606948670731     
  0.38197332620620728        1.5541355601555460        1.5541355601555460        2.0184306991464949E-003   1.5561539908546924     
  0.38736209273338318        1.5781312182450280        1.5781312182450280        2.0889763486869411E-003   1.5802201945937149     
  0.39275082945823669        1.6014611795467015        1.6014611795467015        2.1610096982513784E-003   1.6036221892449529     
  0.39813959598541260        1.6227483121000947        1.6227483121000947        2.2343479626904758E-003   1.6249826600627852     
  0.40352836251258850        1.6428089484134341        1.6428089484134341        2.3088567301807416E-003   1.6451178051436148     
  0.40891712903976440        1.6617980073751835        1.6617980073751835        2.3845298270790353E-003   1.6641825372022625     
  0.41430589556694031        1.6800450753779654        1.6800450753779654        2.4617486329152538E-003   1.6825068240108807     
  0.41969466209411621        1.6982205395928820        1.6982205395928820        2.5403036643463334E-003   1.7007608432572283     
  0.42508342862129211        1.7171444777437443        1.7171444777437443        2.6200188426895826E-003   1.7197644965864338     
  0.43047219514846802        1.7366313941130465        1.7366313941130465        2.7008870065156829E-003   1.7393322811195622     
  0.43586096167564392        1.7572543154610030        1.7572543154610030        2.7832127885159151E-003   1.7600375282495189     
  0.44124972820281982        1.7783457148013966        1.7783457148013966        2.8670700536186215E-003   1.7812127848550152     
  0.44663849472999573        1.7998638518417278        1.7998638518417278        2.9520786826588018E-003   1.8028159305243867     
  0.45202726125717163        1.8211289057685944        1.8211289057685944        3.0382300372792221E-003   1.8241671358058738     
  0.45741602778434753        1.8422665325831018        1.8422665325831018        3.1255178524224178E-003   1.8453920504355241     
  0.46280479431152344        1.8623012067440134        1.8623012067440134        3.2147608993339846E-003   1.8655159676433475     
  0.46819356083869934        1.8820029065863897        1.8820029065863897        3.3051700083438227E-003   1.8853080765947334     
  0.47358232736587524        1.9005969546005357        1.9005969546005357        3.3967156728480444E-003   1.9039936702733837     
  0.47897109389305115        1.9189507765263312        1.9189507765263312        3.4893879297460623E-003   1.9224401644560771     
  0.48435983061790466        1.9371989572447945        1.9371989572447945        3.5834289167604046E-003   1.9407823861615550     
  0.48974859714508057        1.9554033069967063        1.9554033069967063        3.6793682322046528E-003   1.9590826752289110     
  0.49513736367225647        1.9740790563789155        1.9740790563789155        3.7764383125710151E-003   1.9778554946914864     
  0.50052613019943237        1.9928341471091802        1.9928341471091802        3.8746312468622077E-003   1.9967087783560424     
  0.50591492652893066        2.0120876098776392        2.0120876098776392        3.9739356927831100E-003   2.0160615455704223     
  0.51130366325378418        2.0314938784355578        2.0314938784355578        4.0746539561007152E-003   2.0355685323916584     
  0.51669245958328247        2.0508009501049860        2.0508009501049860        4.1774003371781443E-003   2.0549783504421639     
  0.52208119630813599        2.0700407231047433        2.0700407231047433        4.2812643101918669E-003   2.0743219874149350     
  0.52746993303298950        2.0889201542711131        2.0889201542711131        4.3862426192963211E-003   2.0933063968904095     
  0.53285872936248779        2.1073745794701675        2.1073745794701675        4.4923184693514626E-003   2.1118668979395188     
  0.53824746608734131        2.1256544641307848        2.1256544641307848        4.5994811441852261E-003   2.1302539452749700     
  0.54363626241683960        2.1434320513870597        2.1434320513870597        4.7091737954613900E-003   2.1481412251825209     
  0.54902499914169312        2.1611805718524399        2.1611805718524399        4.8199872005912298E-003   2.1660005590530313     
  0.55441379547119141        2.1788209172889057        2.1788209172889057        4.9319214938596300E-003   2.1837528387827652     
  0.55980253219604492        2.1964297368617425        2.1964297368617425        5.0449372176812083E-003   2.2014746740794235     
  0.56519132852554321        2.2142213437423943        2.2142213437423943        5.1590278952219123E-003   2.2193803716376164     
  0.57058006525039673        2.2321018253515645        2.2321018253515645        5.2749130648893248E-003   2.2373767384164540     
  0.57596886157989502        2.2499722840800978        2.2499722840800978        5.3928751230689787E-003   2.2553651592031669     
  0.58135759830474854        2.2678589842908465        2.2678589842908465        5.5119313873288446E-003   2.2733709156781754     
  0.58674639463424683        2.2857210778486352        2.2857210778486352        5.6320926810510229E-003   2.2913531705296863     
  0.59213513135910034        2.3033295366028814        2.3033295366028814        5.7533127302963078E-003   2.3090828493331776     
  0.59752392768859863        2.3208693890898746        2.3208693890898746        5.8755855143616852E-003   2.3267449746042361     
  0.60291266441345215        2.3382272486739337        2.3382272486739337        6.0000170145454741E-003   2.3442272656884793     
  0.60830146074295044        2.3552774534938141        2.3552774534938141        6.1264199637888301E-003   2.3614038734576028     
  0.61369019746780396        2.3722997770255811        2.3722997770255811        6.2539080465276349E-003   2.3785536850721090     
  0.61907899379730225        2.3891964808608215        2.3891964808608215        6.3825005400143624E-003   2.3955789814008357     
  0.62446773052215576        2.4060431154287154        2.4060431154287154        6.5121309217612529E-003   2.4125552463504767     
  0.62985646724700928        2.4228559296410488        2.4228559296410488        6.6427902389416954E-003   2.4294987198799904     
  0.68127381801605225        2.5809325995924097        2.5809325995924097        7.9691580970049202E-003   2.5889017576894147     
  0.73688852787017822        2.7446209060446374        2.7446209060446374        9.5501388567303946E-003   2.7541710449013679     
  0.79704326391220093        2.9141006397131859        2.9141006397131859        1.1437306133444848E-002   2.9255379458466306     
  0.86210858821868896        3.0895509260690130        3.0895509260690130        1.3689495023499037E-002   3.1032404210925120     
  0.93248546123504639        3.2707297578312904        3.2707297578312904        1.6372683870991552E-002   3.2871024417022818     
   1.0086073875427246        3.4579294248897630        3.4579294248897630        1.9580470413120065E-002   3.4775098953028829     
   1.0909434556961060        3.6508426106380445        3.6508426106380445        2.3393487186318108E-002   3.6742360978243624     
   1.1800009012222290        3.8496018801058196        3.8496018801058196        2.7961648871590156E-002   3.8775635289774097     
   1.2763283252716064        4.0542142494440352        4.0542142494440352        3.3387673944277906E-002   4.0876019233883127     
   1.3805193901062012        4.2645769613114748        4.2645769613114748        3.9882672430142305E-002   4.3044596337416170     
   1.4932159185409546        4.4806507041162851        4.4806507041162851        4.7610631067255875E-002   4.5282613351835410     
   1.6151121854782104        4.7024870178732483        4.7024870178732483        5.6841150603682986E-002   4.7593281684769311     
   1.7469592094421387        4.9300202252674676        4.9300202252674676        6.7844416027862287E-002   4.9978646412953296     
   1.8895695209503174        5.1631695902335419        5.1631695902335419        8.0956630732845786E-002   5.2441262209663879     
   1.9711295366287231        5.2910704901302141        5.2910704901302141        8.9014094399648733E-002   5.3800845845298628     
   2.4582746028900146        5.9858040848268272        5.9858040848268272       0.14629117028078870        6.1320952551076156     
   3.0658125877380367        6.7240239812868747        6.7240239812868747       0.24029790834547693        6.9643218896323518     
   3.8234977722167969        7.5048164418741647        7.5048164418741647       0.39439545046804481        7.8992118923422092     
   4.7684373855590820        8.3270934962212646        8.3270934962212646       0.64663705223966628        8.9737305484609315     
   5.9469089508056632        9.1897454212493646        9.1897454212493646        1.0588406907645980        10.248586112013962     
   7.4166288375854492        10.091761379958244        10.091761379958244        1.7310410537779413        11.822802433736186     
   9.2495746612548828        11.031971084246077        11.031971084246077        2.8241768010695507        13.856147885315629     
   11.535514831542971        12.009168885676571        12.009168885676571        4.5951223693600447        16.604291255036614     
   14.386403083801270        13.022065650302986        13.022065650302986        7.4514770494393074        20.473542699742293     
   17.941860198974609        14.069214289545144        14.069214289545144        12.032635152589556        26.101849442134700     
   22.376010894775387        15.149111426577273        15.149111426577273        19.335744440020505        34.484855866597776     
   27.906021118164059        16.259861422167241        16.259861422167241        30.894102688436607        47.153964110603852     
   34.802715301513665        17.399013561621512        17.399013561621512        49.031261646727486        66.430275208349002     
   43.403861999511719        18.563254315665304        18.563254315665304        77.156068314152947        95.719322629818251     
   54.130695343017578        19.747765811544703        19.747765811544703        120.21786597797426        139.96563178951897     
   67.508560180664062        20.945597615276849        20.945597615276849        185.08926280659574        206.03486042187259     
   84.192626953125000        22.146017302015942        22.146017302015942        281.10634668435205        303.25236398636798     
   104.99999237060543        23.333533809578324        23.333533809578324        419.78288489579404        443.11641870537238     
