   1.0497607945580963E-005   3.1663939435455557E-015   3.1663940217688279E-015   2.7193125006066830E-032   3.1663940217704250E-015
   1.1591339898586732E-005   4.6756130135445553E-015   4.6756129749811728E-015   5.4420450529319415E-032   4.6756129749841160E-015
   1.2799026990251152E-005   6.9041824179474443E-015   6.9041824936961980E-015   1.0890872012368908E-031   6.9041824937016230E-015
   1.4132539945421730E-005   1.0194965750887974E-014   1.0194965633087206E-014   2.1795632440957541E-031   1.0194965633097204E-014
   1.5604990039719259E-005   1.5054256581260887E-014   1.5054257279119508E-014   4.3617153782147850E-031   1.5054257279137933E-014
   1.7230853700311858E-005   2.2229666902367325E-014   2.2229666498702962E-014   8.7287704844553259E-031   2.2229666498736921E-014
   1.9026114387088472E-005   3.2825143435019196E-014   3.2825142343366263E-014   1.7469317686215384E-030   3.2825142343428848E-014
   2.1008419935242280E-005   4.8470804000125114E-014   4.8470803108122097E-014   3.4960598491765633E-030   4.8470803108237435E-014
   2.3197258997242881E-005   7.1573753815652166E-014   7.1573755492591789E-014   6.9964331111107104E-030   7.1573755492804352E-014
   2.5614152036723674E-005   1.0568843940026277E-013   1.0568844112236627E-013   1.4001441903280645E-029   1.0568844112275795E-013
   2.8282855055294934E-005   1.5606337374111267E-013   1.5606336751714066E-013   2.8021376771091172E-029   1.5606336751786247E-013
   3.1229610613081618E-005   2.3044894257171680E-013   2.3044893357651816E-013   5.6077435106299694E-029   2.3044893357784834E-013
   3.4483382478356355E-005   3.4028932441025604E-013   3.4028932013251846E-013   1.1222542544182559E-028   3.4028932013496966E-013
   3.8076159398769946E-005   5.0248358454758817E-013   5.0248357986564917E-013   2.2459103467851047E-028   5.0248357987016625E-013
   4.2043262510560433E-005   7.4198549845980654E-013   7.4198552023029473E-013   4.4946762995970203E-028   7.4198552023861874E-013
   4.6423694584518691E-005   1.0956428935596378E-012   1.0956428904468366E-012   8.9948877693375179E-028   1.0956428904621758E-012
   5.1260518375784186E-005   1.6178663574443341E-012   1.6178663222846974E-012   1.8001443590695785E-027   1.6178663223129645E-012
   5.6601285905344405E-005   2.3890008539554086E-012   2.3890008886950830E-012   3.6025487682636936E-027   2.3890008887471728E-012
   6.2498496845364544E-005   3.5276854059516873E-012   3.5276853038030335E-012   7.2094457633706791E-027   3.5276853038990212E-012
   6.9010129664093242E-005   5.2091082120507690E-012   5.2091083153149619E-012   1.4428034934256542E-026   5.2091083154918461E-012
   7.6200209150556434E-005   7.6919615070817480E-012   7.6919616451015281E-012   2.8874946370217597E-026   7.6919616454274906E-012
   8.4139406681060791E-005   1.1358230429134365E-011   1.1358230317025979E-011   5.7785281423370377E-026   1.1358230317626648E-011
   9.2905778728891164E-005   1.6771976738471551E-011   1.6771976146541496E-011   1.1564430606787413E-025   1.6771976147648396E-011
   1.0258550901198752E-004   2.4766113309430904E-011   2.4766112727692153E-011   2.3143295578679329E-025   2.4766112729731906E-011
   1.1327375977998591E-004   3.6570550059241277E-011   3.6570548586501423E-011   4.6315832880475246E-025   3.6570548590260216E-011
   1.2507560313679289E-004   5.4001409739125957E-011   5.4001410812991577E-011   9.2689488702367396E-025   5.4001410819918129E-011
   1.3810706150252369E-004   7.9740445853497331E-011   7.9740443084387407E-011   1.8549782458007075E-024   7.9740443097151540E-011
   1.5249625721480703E-004   1.1774766490658540E-010   1.1774765819795048E-010   3.7122429427136541E-024   1.1774765822147157E-010
   1.6838463488966221E-004   1.7387047822577563E-010   1.7387047230616625E-010   7.4291201449592542E-024   1.7387047234950995E-010
   1.8592840933706603E-004   2.5674350769115146E-010   2.5674351285286979E-010   1.4867843888090800E-023   2.5674351293274302E-010
   2.0530004985630496E-004   3.7911687744855291E-010   3.7911687191604973E-010   2.9754289443771495E-023   3.7911687206323696E-010
   2.2668998281005773E-004   5.5981774885554448E-010   5.5981773818578653E-010   5.9545739473165760E-023   5.5981773845701699E-010
   2.5030851247720415E-004   8.2664733061703965E-010   8.2664728750050168E-010   1.1916591627684807E-022   8.2664728800031399E-010
   2.7638784376904352E-004   1.2206579515262911E-009   1.2206578715339477E-009   2.3848360388931546E-022   1.2206578724549898E-009
   3.0518430867232361E-004   1.8024676594459761E-009   1.8024675480151654E-009   4.7726917358040275E-022   1.8024675497124335E-009
   3.3698105835355824E-004   2.6615895646554083E-009   2.6615894751553982E-009   9.5512967835817234E-022   2.6615894782830417E-009
   3.7209066795185214E-004   3.9302002834038267E-009   3.9301998906862171E-009   1.9114781585656725E-021   3.9301998964497651E-009
   4.1085830889642222E-004   5.8034775941609064E-009   5.8034771605195824E-009   3.8253326098689824E-021   5.8034771711403871E-009
   4.5366509584710002E-004   8.5696271488151029E-009   8.5696257324606333E-009   7.6555313886690672E-021   8.5696257520323718E-009
   5.0093187019228914E-004   1.2654225143744793E-008   1.2654223159820016E-008   1.5320693210538245E-020   1.2654223195886117E-008
   5.5312330368906249E-004   1.8685691478915413E-008   1.8685687175141792E-008   3.0660321894024517E-020   1.8685687241602585E-008
   6.1075249686837186E-004   2.7591975672057125E-008   2.7591967011560914E-008   6.1359094455829002E-020   2.7591967134032309E-008
   6.7438598489388834E-004   4.0743317103544029E-008   4.0743300772982216E-008   1.2279429502453584E-019   4.0743300998666661E-008
   7.4464938370510947E-004   6.0163074437298346E-008   6.0163044157313177E-008   2.4574649940028024E-019   6.0163044573200637E-008
   8.2223338540643454E-004   8.8838978517654688E-008   8.8838921143470133E-008   4.9180332596520919E-019   8.8838921909853963E-008
   9.0790080139413443E-004   1.3118288341652709E-007   1.3118277029170153E-007   9.8422883102153136E-019   1.3118277170396986E-007
   1.0024937801063061E-003   1.9370943167071582E-007   1.9370919724329045E-007   1.9696903532091557E-018   1.9370919984576249E-007
   1.1069423053413627E-003   2.8597592264983240E-007   2.8597546819967319E-007   3.9418577887595720E-018   2.8597547299513000E-007
   1.2222731020301583E-003   4.2195134428645156E-007   4.2195046710586757E-007   7.8886387063416061E-018   4.2195047594085240E-007
   1.3496201718226077E-003   6.2217228668753823E-007   6.2217059836687095E-007   1.5787208229851210E-017   6.2217061464130640E-007
   1.4902353286743162E-003   9.1672313663377082E-007   9.1671979642765451E-007   3.1594430819441310E-017   9.1671982639997549E-007
   1.6455008881166577E-003   1.3495899124673748E-006   1.3495833400015779E-006   6.3228525736361559E-017   1.3495833951882325E-006
   1.8169435206800699E-003   1.9849510902938428E-006   1.9849383104882146E-006   1.2653647074871977E-016   1.9849384120744849E-006
   2.0062483381479974E-003   2.9163233376076976E-006   2.9162986020503313E-006   2.5323168057109799E-016   2.9162987889937744E-006
   2.2152769379317752E-003   4.2795214215816846E-006   4.2794730767475240E-006   5.0677613822508478E-016   4.2794734206532903E-006
   2.4460835848003626E-003   6.2714993350305777E-006   6.2714055304375613E-006   1.0141959324306725E-015   6.2714061628723956E-006
   2.7009379118680945E-003   9.1769721345771406E-006   9.1767903636866750E-006   2.0296552604732242E-015   9.1767915262381805E-006
   2.9823449440300460E-003   1.3406060892270862E-005   1.3405708087379075E-005   4.0618701008199348E-015   1.3405710223440561E-005
   3.2930714078247538E-003   1.9548506507712488E-005   1.9547823679178162E-005   8.1288088735071453E-015   1.9547827602001210E-005
   3.6361722741276017E-003   2.8447484375687245E-005   2.8446166948109127E-005   1.6267752062610013E-014   2.8446174148296036E-005
   4.0150200948119172E-003   4.1306155053201758E-005   4.1303616052841987E-005   3.2555698380592331E-014   4.1303629260540688E-005
   4.4333399273455134E-003   5.9832209597835086E-005   5.9827336647846347E-005   6.5151668195782170E-014   5.9827360859482163E-005
   4.8952437937259674E-003   8.6435729918857380E-005   8.6426388583414200E-005   1.3038319610159105E-013   8.6426432934389729E-005
   5.4052728228271025E-003   1.2450901875134422E-004   1.2449118278305595E-004   2.6092562883907208E-013   1.2449126396156133E-004
   5.9684407897293550E-003   1.7878001946197591E-004   1.7874604093158237E-004   5.2216397171405858E-013   1.7874618938728233E-004
   6.5902848728001144E-003   2.5582411470116175E-004   2.5575966239171471E-004   1.0449458044269692E-012   2.5575993362475567E-004
   7.2769178077578519E-003   3.6466159124862017E-004   3.6453976105545860E-004   2.0910940854649879E-012   3.6454025607969586E-004
   8.0350907519459707E-003   5.1758764139259335E-004   5.1735838584393600E-004   4.1844994284353205E-012   5.1735928823884632E-004
   8.8722556829452532E-003   7.3129794740179439E-004   7.3086858013314180E-004   8.3733413413674259E-012   7.3087022304271527E-004
   9.7966445609927195E-003   1.0279715192809482E-003   1.0271716516267366E-003   1.6754584504666924E-011   1.0271746384310468E-003
   1.0817344300448895E-002   1.4368716743860389E-003   1.4353915144976190E-003   3.3522635685985464E-011   1.4353969358253510E-003
   1.1944388970732692E-002   1.9958903480057264E-003   1.9931710122652242E-003   6.7065334576339192E-011   1.9931808348297208E-003
   1.3188858516514300E-002   2.7529074376928882E-003   2.7479494538036157E-003   1.3415069635247503E-010   2.7479672141992777E-003
   1.4562988653779026E-002   3.7676815034105734E-003   3.7587130573997780E-003   2.6828231584819359E-010   3.7587450963842521E-003
   1.6080286353826523E-002   5.1112356554606142E-003   5.0951470649002123E-003   5.3635174939938349E-010   5.0952047070078176E-003
   1.7755670472979553E-002   6.8663894200754272E-003   6.8377796265501715E-003   1.0717650325388414E-009   6.8378830136951131E-003
   1.9605610519647595E-002   9.1245112815233551E-003   9.0741262040072677E-003   2.1401428746438256E-009   9.0743109812512872E-003
   2.1648293361067772E-002   1.1978853855397870E-002   1.1891214029277175E-002   4.2690781795710081E-009   1.1891542893940420E-002
   2.3903800174593925E-002   1.5523375154639002E-002   1.5373278729179932E-002   8.5027721544196106E-009   1.5373861242035672E-002
   2.6394305750727654E-002   1.9838900367253946E-002   1.9586988662892716E-002   1.6897060674809058E-008   1.9588014698968748E-002
   2.9144294559955593E-002   2.5003044920263104E-002   2.4590122902397617E-002   3.3468411275132442E-008   2.4591918634042375E-002
   3.2180801033973701E-002   3.1102281985975068E-002   3.0442420331681191E-002   6.5976025747515238E-008   3.0445540383540623E-002
   3.5533674061298370E-002   3.8270836203364869E-002   3.7241422089781727E-002   1.2916753727041823E-007   3.7246798660707105E-002
   3.9235882461071007E-002   4.6786015863420731E-002   4.5209443107087195E-002   2.5042912031958779E-007   4.5218623391598489E-002
   4.3323814868927002E-002   5.7163993641080220E-002   5.4770741364267364E-002   4.7898066892234662E-007   5.4786253476089321E-002
   4.7656197100877769E-002   6.9677964998447819E-002   6.6096165945319335E-002   8.7829932351319831E-007   6.6121557436058936E-002
   5.1988579332828529E-002   8.4333848280652088E-002   7.9089420435071292E-002   1.4988188380041224E-006   7.9128771876774195E-002
   5.6320961564779275E-002  0.10124271880392625        9.3742116562726963E-002   2.4028796818606390E-006   9.3800240048317815E-002
   6.0653343796730055E-002  0.12026785907003010       0.10982860034427755        3.6482443329560753E-006  0.10991085469549641     
   6.4985722303390517E-002  0.14096081090549048       0.12688447365928188        5.2831411588848901E-006  0.12699650672364435     
   6.9318108260631561E-002  0.16242200039482599       0.14414439397567122        7.3439151536257603E-006  0.14429182958389672     
   7.3650486767292023E-002  0.18330287068980808       0.16059441232736091        9.8553530741425882E-006  0.16078252715155134     
   7.7982872724533067E-002  0.20244311329644990       0.17549142778728630        1.2832957745381073E-005  0.17572500220065873     
   8.2315251231193529E-002  0.21935023086559180       0.18866716625103058        1.6285949841580362E-005  0.18895054555524593     
   8.6647629737854004E-002  0.23418642747386315       0.20041223956000853        2.0220212415665887E-005  0.20074949986072921     
   9.0980015695095062E-002  0.24759020989242092       0.21132927767425311        2.4640564744959765E-005  0.21172445226230246     
   9.6368782222270966E-002  0.26394235649136738       0.22498508314540644        3.0825118240536927E-005  0.22545828045897875     
  0.10175754129886626       0.28229861817622254       0.24019838574010230        3.7782943579485852E-005  0.24075707337062568     
  0.10714630782604216       0.30520348194496050       0.25832310911670159        4.5531018817844189E-005  0.25897590908350171     
  0.11253507435321806       0.33384126238363576       0.27964739493875562        5.4090132682367072E-005  0.28040361205838799     
  0.11792384088039397       0.36765375604908113       0.30350048859796269        6.3484338890442880E-005  0.30436940238084664     
  0.12331259995698926       0.40428898189778728       0.32838690668896359        7.3740206819984948E-005  0.32937696566225128     
  0.12870137393474582       0.44039357515118643       0.35255056258510825        8.4886214109147282E-005  0.35366891927714389     
  0.13409014046192172       0.47277686584344186       0.37465882354955882        9.6952003270372352E-005  0.37591142730634142     
  0.13947889208793640       0.49946249728803044       0.39417605144226719        1.0996804653828026E-004  0.39556815547680330     
  0.14486765861511230       0.51977125827024728       0.41123420217018042        1.2396535472678408E-004  0.41277090165846431     
  0.15025642514228821       0.53504742173672915       0.42664311613253869        1.3897499744232726E-004  0.42833006679668267     
  0.15564519166946411       0.54824729931227267       0.44180002715525879        1.5502807898991249E-004  0.44364427478608692     
  0.16103395819664001       0.56327204718629709       0.45813204219341369        1.7215552626200317E-004  0.46014238122685380     
  0.16642272472381592       0.58285640989217535       0.47608410135805745        1.9038800499630206E-004  0.47827017622956963     
  0.17181149125099179       0.60980881907460682       0.49673145880940550        2.0975589620824057E-004  0.49910466503107526     
  0.17720025777816775       0.64241304427115864       0.51858323001188344        2.3028914194859470E-004  0.52115345825169834     
  0.18258900940418243       0.67928968744861096       0.54127080468165978        2.5201726093740135E-004  0.54404769347535042     
  0.18797777593135831       0.71754312652400976       0.56382691303410348        2.7496952784780465E-004  0.56681891337084001     
  0.19336654245853424       0.75375906019309291       0.58551040096571572        2.9917459059352285E-004  0.58872492193325554     
  0.19875530898571014       0.78502028592405537       0.60608778883820646        3.2466072930690870E-004  0.60953182501222747     
  0.20414407551288605       0.80934766712763506       0.62488464342320893        3.5145577825586766E-004  0.62856401196506717     
  0.20953284204006195       0.82734553077016459       0.64233961013637175        3.7958715461857616E-004  0.64626062182937616     
  0.21492160856723788       0.84173089821017844       0.65968390581690495        4.0908184335425080E-004  0.66385480638755501     
  0.22031037509441379       0.85532341268997292       0.67707965434397166        4.3996643526386539E-004  0.68150901518467855     
  0.22569914162158966       0.87101069960264632       0.69502109916403665        4.7226707737884396E-004  0.69971846060672127     
  0.23108789324760434       0.89105126912427779       0.71369247217734211        5.0600948094058637E-004  0.71866787109032348     
  0.23647665977478027       0.91645225769156324       0.73282843865551295        5.4121926797713789E-004  0.73809157540414050     
  0.24186542630195618       0.94677878963814932       0.75240727324057788        5.7792131616399344E-004  0.75796793300250298     
  0.24725419282913208       0.98034438973966342       0.77215404328034376        6.1614034915850229E-004  0.77802156948378953     
  0.25264295935630798        1.0145890298467031       0.79168128818055505        6.5590074961464667E-004  0.79786428086892769     
  0.25803172588348389        1.0467727777205489       0.81076078095098081        6.9722646637107935E-004  0.81726735148006202     
  0.26342049241065979        1.0749034418314152       0.82939819932186831        7.4014121074284856E-004  0.83623643665377745     
  0.26880925893783575        1.0983066306660305       0.84783660210342948        7.8466838062156614E-004  0.85501511457606982     
  0.27419802546501160        1.1175289003887776       0.86559195581075388        8.3083113058634228E-004  0.87311821742569740     
  0.27958679199218750        1.1338481706679551       0.88347455567580679        8.7865220052041901E-004  0.89135790813600635     
  0.28497555851936335        1.1491297116042511       0.90102879187536167        9.2815416273312346E-004  0.90927750902099491     
  0.29036432504653931        1.1659862789943718       0.91888669752767893        9.7935924469745258E-004  0.92751063129032763     
  0.29575309157371527        1.1857952980535698       0.93670340502591420        1.0322896246467799E-003  0.94571160235309903     
  0.30114182829856878        1.2089257564702796       0.95455122350483501        1.0869666816837773E-003  0.96395294698593459     
  0.30653059482574463        1.2351547437414043       0.97219186195417107        1.1434126521025535E-003  0.98199576706133695     
  0.31191936135292053        1.2638212637930275       0.99015205390277905        1.2016484896523591E-003   1.0003682556122406     
  0.31730812788009644        1.2927227598200699        1.0078312236545968        1.2616952982177447E-003   1.0184682146902480     
  0.32269689440727234        1.3204665643309015        1.0252302227908379        1.3235740408714094E-003   1.0362964749706312     
  0.32808566093444824        1.3464101295884126        1.0429331584143349        1.3873055629306287E-003   1.0544388615201785     
  0.33347442746162415        1.3690274956531248        1.0598899909812174        1.4529101686261252E-003   1.0718422211711767     
  0.33886319398880005        1.3885954860811112        1.0769979917739338        1.5204082389322674E-003   1.0894065004204259     
  0.34425196051597590        1.4067668355348699        1.0940329271159601        1.5898200606190504E-003   1.1069068103123820     
  0.34964072704315191        1.4239372003151645        1.1108674901649340        1.6611654617979671E-003   1.1242154417855978     
  0.35502949357032781        1.4420353881216854        1.1278405322934364        1.7344642834700125E-003   1.1416723550963377     
  0.36041826009750366        1.4613412213980428        1.1446898628518638        1.8097362873507068E-003   1.1590145271270693     
  0.36580702662467957        1.4820261036176436        1.1609323414743171        1.8870008807126688E-003   1.1757571505975388     
  0.37119579315185547        1.5053200583193631        1.1779595045686257        1.9662773791584965E-003   1.1932965569572844     
  0.37658455967903137        1.5293116331819052        1.1943525823875678        2.0475850237901992E-003   1.2102090740342573     
  0.38197332620620728        1.5541355601555460        1.2108367185307631        2.1309428306531450E-003   1.2272223885839686     
  0.38736209273338318        1.5781312182450280        1.2271233704204676        2.2163695725397089E-003   1.2440469247792703     
  0.39275082945823669        1.6014611795467015        1.2435948595730799        2.3038837812745469E-003   1.2610664349526512     
  0.39813959598541260        1.6227483121000947        1.2595163953846882        2.3935049741478907E-003   1.2775433554265254     
  0.40352836251258850        1.6428089484134341        1.2757150144135612        2.4852510380702409E-003   1.2943078794131950     
  0.40891712903976440        1.6617980073751835        1.2916563507795773        2.5791405106498923E-003   1.3108235818443985     
  0.41430589556694031        1.6800450753779654        1.3075717453107760        2.6751914788226507E-003   1.3273227123381748     
  0.41969466209411621        1.6982205395928820        1.3233168836256906        2.7734224018397071E-003   1.3436603749599754     
  0.42508342862129211        1.7171444777437443        1.3392366192176792        2.8738508192180205E-003   1.3601828602660342     
  0.43047219514846802        1.7366313941130465        1.3547357871724806        2.9764951138622174E-003   1.3762925088680540     
  0.43586096167564392        1.7572543154610030        1.3704488123114695        3.0813727036574619E-003   1.3926264422555321     
  0.44124972820281982        1.7783457148013966        1.3859412959917132        3.1885014258083645E-003   1.4087484007088598     
  0.44663849472999573        1.7998638518417278        1.4013506621816756        3.2978988339700923E-003   1.4247963994102566     
  0.45202726125717163        1.8211289057685944        1.4166338623214039        3.4095824400174066E-003   1.4407271934459760     
  0.45741602778434753        1.8422665325831018        1.4319880724238843        3.5235694353045093E-003   1.4567388680904270     
  0.46280479431152344        1.8623012067440134        1.4471341159194260        3.6398772475470117E-003   1.4725509599955819     
  0.46819356083869934        1.8820029065863897        1.4622318593803834        3.7585229820908546E-003   1.4883240764668193     
  0.47358232736587524        1.9005969546005357        1.4772210092856350        3.8795236987643460E-003   1.5039976366784946     
  0.47897109389305115        1.9189507765263312        1.4922508314690304        4.0028964198958782E-003   1.5197216409879482     
  0.48435983061790466        1.9371989572447945        1.5071442003790168        4.1286573758640300E-003   1.5353180951885308     
  0.48974859714508057        1.9554033069967063        1.5219032061528335        4.2568243391698304E-003   1.5507890914976403     
  0.49513736367225647        1.9740790563789155        1.5366784076527311        4.3874134496148806E-003   1.5662859543470633     
  0.50052613019943237        1.9928341471091802        1.5513623007172939        4.5204419651172665E-003   1.5817006372097351     
  0.50591492652893066        2.0120876098776392        1.5659791528881906        4.6559260621025040E-003   1.5970575315637869     
  0.51130366325378418        2.0314938784355578        1.5804777997848352        4.7938808532396416E-003   1.6123051902368879     
  0.51669245958328247        2.0508009501049860        1.5949122023505986        4.9343248613408436E-003   1.6274978707075332     
  0.52208119630813599        2.0700407231047433        1.6092856628849954        5.0772718603931798E-003   1.6426388830044767     
  0.52746993303298950        2.0889201542711131        1.6236571479917890        5.2227394372176099E-003   1.6577875362778036     
  0.53285872936248779        2.1073745794701675        1.6378353220117350        5.3707456867134540E-003   1.6727514214765968     
  0.53824746608734131        2.1256544641307848        1.6520287077289122        5.5213023698628440E-003   1.6877402247398678     
  0.54363626241683960        2.1434320513870597        1.6661459834895844        5.6744293057990015E-003   1.7026621232799650     
  0.54902499914169312        2.1611805718524399        1.6802220000875674        5.8301394654124671E-003   1.7175521599866213     
  0.55441379547119141        2.1788209172889057        1.6941960592351193        5.9884512878439489E-003   1.7323492864933854     
  0.55980253219604492        2.1964297368617425        1.7080978198843861        6.1493770260472634E-003   1.7470833183627124     
  0.56519132852554321        2.2142213437423943        1.7219413543738984        6.3129361220024306E-003   1.7617684306822028     
  0.57058006525039673        2.2321018253515645        1.7357455600061944        6.4791406665503362E-003   1.7764236245658493     
  0.57596886157989502        2.2499722840800978        1.7494592095788013        6.6480096033149673E-003   1.7909973665272654     
  0.58135759830474854        2.2678589842908465        1.7631153021752093        6.8195548268477112E-003   1.8055228453577492     
  0.58674639463424683        2.2857210778486352        1.7767577784384447        6.9937946823984175E-003   1.8200443035904841     
  0.59213513135910034        2.3033295366028814        1.7902326508802666        7.1707420800692801E-003   1.8344067318881641     
  0.59752392768859863        2.3208693890898746        1.8037066645461806        7.3504147588821424E-003   1.8487779796963355     
  0.60291266441345215        2.3382272486739337        1.8171766439086476        7.5328241949687976E-003   1.8631548472555479     
  0.60830146074295044        2.3552774534938141        1.8304850859040431        7.7179900199569971E-003   1.8773787798013595     
  0.61369019746780396        2.3722997770255811        1.8437850044809327        7.9059228928142818E-003   1.8916038118738059     
  0.61907899379730225        2.3891964808608215        1.8570147985132475        8.0966410855013941E-003   1.9057679338119389     
  0.62446773052215576        2.4060431154287154        1.8702020890891857        8.2901571485926671E-003   1.9198989493885381     
  0.62985646724700928        2.4228559296410488        1.8833246016941856        8.4864862518561814E-003   1.9339744272138315     
  0.68127381801605225        2.5809325995924097        2.0056741951217392        1.0504121785532568E-002   2.0658841934104348     
  0.73688852787017822        2.7446209060446374        2.1326878178857553        1.2990822279061464E-002   2.2041935608224321     
  0.79704326391220093        2.9141006397131859        2.2642552362518455        1.6053837333733487E-002   2.3490975008676367     
  0.86210858821868896        3.0895509260690130        2.4004610643478661        1.9824664967003323E-002   2.5010408206461214     
  0.93248546123504639        3.2707297578312904        2.5412485356953725        2.4464501828735909E-002   2.6603881586289524     
   1.0086073875427246        3.4579294248897630        2.6866796317161277        3.0170901479819438E-002   2.8276977465948940     
   1.0909434556961060        3.6508426106380445        2.8366091098043000        3.7185945355174721E-002   3.0034041634164925     
   1.1800009012222290        3.8496018801058196        2.9911778328320966        4.5806222668470231E-002   3.1883336814423613     
   1.2763283252716064        4.0542142494440352        3.1502459838512467        5.6395069756167614E-002   3.3831470735029496     
   1.3805193901062012        4.2645769613114748        3.3138535665147928        6.9397574992877575E-002   3.5888286286563926     
   1.4932159185409546        4.4806507041162851        3.4819504542013355        8.5358889357554771E-002   3.8064366912410494     
   1.6151121854782104        4.7024870178732483        3.6545691517276890       0.10494674683709425        4.0373100459496509     
   1.7469592094421387        4.9300202252674676        3.8315721040299446       0.12897908487783752        4.2828444856291590     
   1.8895695209503174        5.1631695902335419        4.0130350476720267       0.15845792614398799        4.5449290545095362     
   1.9711295366287231        5.2910704901302141        4.1125709809890481       0.17700821466859798        4.6936209994586990     
   2.4582746028900146        5.9858040848268272        4.6540731847664887       0.31527380577447450        5.5754423448610062     
   3.0658125877380367        6.7240239812868747        5.2280237958997979       0.56055891458779028        6.6880081244524474     
   3.8234977722167969        7.5048164418741647        5.8350840255617751       0.99559576205030820        8.1507098143076266     
   4.7684373855590820        8.3270934962212646        6.4744036947918051        1.7674201258582027        10.156894233862202     
   5.9469089508056632        9.1897454212493646        7.1451187168738119        3.1377153511548488        13.027774937704208     
   7.4166288375854492        10.091761379958244        7.8464421925669470        5.5727782268317325        17.304359156865033     
   9.2495746612548828        11.031971084246077        8.5774620460478523        9.9044099005586119        23.909808546616787     
   11.535514831542971        12.009168885676571        9.3372413022995655        17.618108979069028        34.439574821495938     
   14.386403083801270        13.022065650302986        10.124777924908130        31.369680128023255        51.680296153828323     
   17.941860198974609        14.069214289545144        10.938944680189449        55.910798556820176        80.538413630672395     
   22.376010894775387        15.149111426577273        11.778575104190283        99.744314006580723        129.69970317317814     
   27.906021118164059        16.259861422167241        12.642192830790520        178.10388955160442        214.61484198580408     
   34.802715301513665        17.399013561621512        13.527894419484221        318.29633041987853        362.84835163093288     
   43.403861999511719        18.563254315665304        14.433101687543573        569.28774288434545        623.67203850601140     
   54.130695343017578        19.747765811544703        15.354071578809497        1018.8380929509408        1085.2055654431640     
   67.508560180664062        20.945597615276849        16.285395654040514        1824.3253308203252        1905.2487555150519     
   84.192626953125000        22.146017302015942        17.218733622887388        3267.8885260095394        3366.4262970450400     
   104.99999237060543        23.333533809578324        18.142039226492983        5855.3711939788727        5975.1313585981834     
