   1.0497607945580963E-005   3.1663939435455557E-015   3.1663940217688279E-015   8.7003076793929752E-030   3.1663940218757237E-015
   1.1591339898586732E-005   4.6756130135445553E-015   4.6756129749811728E-015   1.7411558839217703E-029   4.6756129751781561E-015
   1.2799026990251152E-005   6.9041824179474443E-015   6.9041824936961980E-015   3.4845030719947477E-029   6.9041824940591939E-015
   1.4132539945421730E-005   1.0194965750887974E-014   1.0194965633087206E-014   6.9733862181539278E-029   1.0194965633756123E-014
   1.5604990039719259E-005   1.5054256581260887E-014   1.5054257279119508E-014   1.3955539749522655E-028   1.5054257280352166E-014
   1.7230853700311858E-005   2.2229666902367325E-014   2.2229666498702962E-014   2.7928636446871766E-028   2.2229666500974465E-014
   1.9026114387088472E-005   3.2825143435019196E-014   3.2825142343366263E-014   5.5892417130982611E-028   3.2825142347552117E-014
   2.1008419935242280E-005   4.8470804000125114E-014   4.8470803108122097E-014   1.1185512739579189E-027   4.8470803115835642E-014
   2.3197258997242881E-005   7.1573753815652166E-014   7.1573755492591789E-014   2.2385091161578499E-027   7.1573755506806027E-014
   2.5614152036723674E-005   1.0568843940026277E-013   1.0568844112236627E-013   4.4798353104955645E-027   1.0568844114855980E-013
   2.8282855055294934E-005   1.5606337374111267E-013   1.5606336751714066E-013   8.9653015635055007E-027   1.5606336756540915E-013
   3.1229610613081618E-005   2.3044894257171680E-013   2.3044893357651816E-013   1.7941888451952203E-026   2.3044893366546567E-013
   3.4483382478356355E-005   3.4028932441025604E-013   3.4028932013251846E-013   3.5906343566764257E-026   3.4028932029642775E-013
   3.8076159398769946E-005   5.0248358454758817E-013   5.0248357986564917E-013   7.1857827661094262E-026   5.0248358016769540E-013
   4.2043262510560433E-005   7.4198549845980654E-013   7.4198552023029473E-013   1.4380599661086373E-025   7.4198552078689458E-013
   4.6423694584518691E-005   1.0956428935596378E-012   1.0956428904468366E-012   2.8779287183224050E-025   1.0956428914725188E-012
   5.1260518375784186E-005   1.6178663574443341E-012   1.6178663222846974E-012   5.7594775013846534E-025   1.6178663241747881E-012
   5.6601285905344405E-005   2.3890008539554086E-012   2.3890008886950830E-012   1.1526201706459778E-024   2.3890008921780757E-012
   6.2498496845364544E-005   3.5276854059516873E-012   3.5276853038030335E-012   2.3066894843210390E-024   3.5276853102213666E-012
   6.9010129664093242E-005   5.2091082120507690E-012   5.2091083153149619E-012   4.6162784448195139E-024   5.2091083271424322E-012
   7.6200209150556434E-005   7.6919615070817480E-012   7.6919616451015281E-012   9.2383675442435401E-024   7.6919616668967744E-012
   8.4139406681060791E-005   1.1358230429134365E-011   1.1358230317025979E-011   1.8488350763965150E-023   1.1358230357189472E-011
   9.2905778728891164E-005   1.6771976738471551E-011   1.6771976146541496E-011   3.6999951166215800E-023   1.6771976220553329E-011
   1.0258550901198752E-004   2.4766113309430904E-011   2.4766112727692153E-011   7.4046432960709800E-023   2.4766112864078497E-011
   1.1327375977998591E-004   3.6570550059241277E-011   3.6570548586501423E-011   1.4818600566983623E-022   3.6570548837829299E-011
   1.2507560313679289E-004   5.4001409739125957E-011   5.4001410812991577E-011   2.9655836885173704E-022   5.4001411276129537E-011
   1.3810706150252369E-004   7.9740445853497331E-011   7.9740443084387407E-011   5.9348958312713669E-022   7.9740443937841227E-011
   1.5249625721480703E-004   1.1774766490658540E-010   1.1774765819795048E-010   1.1877256206747442E-021   1.1774765977066454E-010
   1.6838463488966221E-004   1.7387047822577563E-010   1.7387047230616625E-010   2.3769441318979580E-021   1.7387047520430628E-010
   1.8592840933706603E-004   2.5674350769115146E-010   2.5674351285286979E-010   4.7568774091488206E-021   2.5674351819345796E-010
   2.0530004985630496E-004   3.7911687744855291E-010   3.7911687191604973E-010   9.5197370898415281E-021   3.7911688175749342E-010
   2.2668998281005773E-004   5.5981774885554448E-010   5.5981773818578653E-010   1.9051438163279235E-020   5.5981775632123818E-010
   2.5030851247720415E-004   8.2664733061703965E-010   8.2664728750050168E-010   3.8126825322589455E-020   8.2664732091985202E-010
   2.7638784376904352E-004   1.2206579515262911E-009   1.2206578715339477E-009   7.6301600878056883E-020   1.2206579331179280E-009
   3.0518430867232361E-004   1.8024676594459761E-009   1.8024675480151654E-009   1.5269902471961804E-019   1.8024676614998255E-009
   3.3698105835355824E-004   2.6615895646554083E-009   2.6615894751553982E-009   3.0558992378861677E-019   2.6615896842807634E-009
   3.7209066795185214E-004   3.9302002834038267E-009   3.9301998906862171E-009   6.1156366365154191E-019   3.9302002760546735E-009
   4.1085830889642222E-004   5.8034775941609064E-009   5.8034771605195824E-009   1.2238954964031297E-018   5.8034778706623117E-009
   4.5366509584710002E-004   8.5696271488151029E-009   8.5696257324606333E-009   2.4493275171015806E-018   8.5696270410850239E-009
   5.0093187019228914E-004   1.2654225143744793E-008   1.2654223159820016E-008   4.9017290590094269E-018   1.2654225571303714E-008
   5.5312330368906249E-004   1.8685691478915413E-008   1.8685687175141792E-008   9.8096069488815593E-018   1.8685691618931905E-008
   6.1075249686837186E-004   2.7591975672057125E-008   2.7591967011560914E-008   1.9631511456541285E-017   2.7591975200405370E-008
   6.7438598489388834E-004   4.0743317103544029E-008   4.0743300772982216E-008   3.9287606891937533E-017   4.0743315863060102E-008
   7.4464938370510947E-004   6.0163074437298346E-008   6.0163044157313177E-008   7.8624388556121798E-017   6.0163071964705067E-008
   8.2223338540643454E-004   8.8838978517654688E-008   8.8838921143470133E-008   1.5734700024429433E-016   8.8838972385771306E-008
   9.0790080139413443E-004   1.3118288341652709E-007   1.3118277029170153E-007   3.1489042984246852E-016   1.3118286471884814E-007
   1.0024937801063061E-003   1.9370943167071582E-007   1.9370919724329045E-007   6.3017320073373014E-016   1.9370937124948360E-007
   1.1069423053413627E-003   2.8597592264983240E-007   2.8597546819967319E-007   1.2611302838231349E-015   2.8597578883137998E-007
   1.2222731020301583E-003   4.2195134428645156E-007   4.2195046710586757E-007   2.5238241535978629E-015   4.2195105782476113E-007
   1.3496201718226077E-003   6.2217228668753823E-007   6.2217059836687095E-007   5.0507703987867924E-015   6.2217168648878623E-007
   1.4902353286743162E-003   9.1672313663377082E-007   9.1671979642765451E-007   1.0107764081903440E-014   9.1672180037540260E-007
   1.6455008881166577E-003   1.3495899124673748E-006   1.3495833400015779E-006   2.0227915214632258E-014   1.3495870297383678E-006
   1.8169435206800699E-003   1.9849510902938428E-006   1.9849383104882146E-006   4.0480504904995000E-014   1.9849451023782025E-006
   2.0062483381479974E-003   2.9163233376076976E-006   2.9162986020503313E-006   8.1009984115008552E-014   2.9163111005778382E-006
   2.2152769379317752E-003   4.2795214215816846E-006   4.2794730767475240E-006   1.6211734293504812E-013   4.2794960690728511E-006
   2.4460835848003626E-003   6.2714993350305777E-006   6.2714055304375613E-006   3.2442709980287217E-013   6.2714478115243063E-006
   2.7009379118680945E-003   9.1769721345771406E-006   9.1767903636866750E-006   6.4923455640468677E-013   9.1768680833783126E-006
   2.9823449440300460E-003   1.3406060892270862E-005   1.3405708087379075E-005   1.2992172171967432E-012   1.3405850883213554E-005
   3.2930714078247538E-003   1.9548506507712488E-005   1.9547823679178162E-005   2.5999006706209901E-012   1.9548085908831992E-005
   3.6361722741276017E-003   2.8447484375687245E-005   2.8446166948109127E-005   5.2026624456277464E-012   2.8446648234888902E-005
   4.0150200948119172E-003   4.1306155053201758E-005   4.1303616052841987E-005   1.0410857885018843E-011   4.1304498846994457E-005
   4.4333399273455134E-003   5.9832209597835086E-005   5.9827336647846347E-005   2.0832337650267794E-011   5.9828954811664931E-005
   4.8952437937259674E-003   8.6435729918857380E-005   8.6426388583414200E-005   4.1684770811517798E-011   8.6429352463721792E-005
   5.4052728228271025E-003   1.2450901875134422E-004   1.2449118278305595E-004   8.3406885199150031E-011   1.2449660713190991E-004
   5.9684407897293550E-003   1.7878001946197591E-004   1.7874604093158237E-004   1.6688127278671696E-010   1.7875595935376226E-004
   6.5902848728001144E-003   2.5582411470116175E-004   2.5575966239171471E-004   3.3387976017073665E-010   2.5577778051251064E-004
   7.2769178077578519E-003   3.6466159124862017E-004   3.6453976105545860E-004   6.6794840478692653E-010   3.6457282126896046E-004
   8.0350907519459707E-003   5.1758764139259335E-004   5.1735838584393600E-004   1.3361597839602526E-009   5.1741863691679281E-004
   8.8722556829452532E-003   7.3129794740179439E-004   7.3086858013314180E-004   2.6725474165481148E-009   7.3097823971653489E-004
   9.7966445609927195E-003   1.0279715192809482E-003   1.0271716516267366E-003   5.3447915937930573E-009   1.0273709368203016E-003
   1.0817344300448895E-002   1.4368716743860389E-003   1.4353915144976190E-003   1.0686995182350131E-008   1.4357530687946439E-003
   1.1944388970732692E-002   1.9958903480057264E-003   1.9931710122652242E-003   2.1363615633173739E-008   1.9938257221481237E-003
   1.3188858516514300E-002   2.7529074376928882E-003   2.7479494538036157E-003   4.2692744473981461E-008   2.7491324403898982E-003
   1.4562988653779026E-002   3.7676815034105734E-003   3.7587130573997780E-003   8.5279950639917931E-008   3.7608453412228404E-003
   1.6080286353826523E-002   5.1112356554606142E-003   5.0951470649002123E-003   1.7025028278639584E-007   5.0989794353568305E-003
   1.7755670472979553E-002   6.8663894200754272E-003   6.8377796265501715E-003   3.3961456887933350E-007   6.8446449548271613E-003
   1.9605610519647595E-002   9.1245112815233551E-003   9.0741262040072677E-003   6.7672822057169737E-007   9.0863779083541867E-003
   2.1648293361067772E-002   1.1978853855397870E-002   1.1891214029277175E-002   1.3464529335483225E-006   1.1912980152853792E-002
   2.3903800174593925E-002   1.5523375154639002E-002   1.5373278729179932E-002   2.6733810925468577E-006   1.5411748519265092E-002
   2.6394305750727654E-002   1.9838900367253946E-002   1.9586988662892716E-002   5.2924928704881937E-006   1.9654570308275124E-002
   2.9144294559955593E-002   2.5003044920263104E-002   2.4590122902397617E-002   1.0434592266235743E-005   2.4708025070925854E-002
   3.2180801033973701E-002   3.1102281985975068E-002   3.0442420331681191E-002   2.0454274695359434E-005   3.0646487388231749E-002
   3.5533674061298370E-002   3.8270836203364869E-002   3.7241422089781727E-002   3.9772524462841230E-005   3.7591455400089992E-002
   3.9235882461071007E-002   4.6786015863420731E-002   4.5209443107087195E-002   7.6473379111242830E-005   4.5803803276711998E-002
   4.3323814868927002E-002   5.7163993641080220E-002   5.4770741364267364E-002   1.4480061363284383E-004   5.5768370122604750E-002
   4.7656197100877769E-002   6.9677964998447819E-002   6.6096165945319335E-002   2.6243233935703536E-004   6.7716657003607655E-002
   5.1988579332828529E-002   8.4333848280652088E-002   7.9089420435071292E-002   4.4218006789164058E-004   8.1579940206381943E-002
   5.6320961564779275E-002  0.10124271880392625        9.3742116562726963E-002   6.9922935626498984E-004   9.7387598985019780E-002
   6.0653343796730055E-002  0.12026785907003010       0.10982860034427755        1.0461204298449947E-003  0.11493759489146776     
   6.4985722303390517E-002  0.14096081090549048       0.12688447365928188        1.4913637835270671E-003  0.13377095039239875     
   6.9318108260631561E-002  0.16242200039482599       0.14414439397567122        2.0389544570291553E-003  0.15310707957541653     
   7.3650486767292023E-002  0.18330287068980808       0.16059441232736091        2.6887316902586920E-003  0.17189682027949568     
   7.7982872724533067E-002  0.20244311329644990       0.17549142778728630        3.4372953617054333E-003  0.18935349137268298     
   8.2315251231193529E-002  0.21935023086559180       0.18866716625103058        4.2790793832552642E-003  0.20526977020523682     
   8.6647629737854004E-002  0.23418642747386315       0.20041223956000853        5.2073398036646679E-003  0.21990762784537937     
   9.0980015695095062E-002  0.24759020989242092       0.21132927767425311        6.2148872873080937E-003  0.23385426210744542     
   9.6368782222270966E-002  0.26394235649136738       0.22498508314540644        7.5679749765122512E-003  0.25146895952364440     
  0.10175754129886626       0.28229861817622254       0.24019838574010230        9.0195645842432812E-003  0.27087156699395937     
  0.10714630782604216       0.30520348194496050       0.25832310911670159        1.0557532425421706E-002  0.29344665213934801     
  0.11253507435321806       0.33384126238363576       0.27964739493875562        1.2170746929421420E-002  0.31948471054919036     
  0.11792384088039397       0.36765375604908113       0.30350048859796269        1.3848959000130504E-002  0.34828052622603034     
  0.12331259995698926       0.40428898189778728       0.32838690668896359        1.5582672589289331E-002  0.37826705607191824     
  0.12870137393474582       0.44039357515118643       0.35255056258510825        1.7363037297160717E-002  0.40760026191620480     
  0.13409014046192172       0.47277686584344186       0.37465882354955882        1.9181750061676550E-002  0.43487137195260794     
  0.13947889208793640       0.49946249728803044       0.39417605144226719        2.1031017415473210E-002  0.45949824235200443     
  0.14486765861511230       0.51977125827024728       0.41123420217018042        2.2903543610699285E-002  0.48159432753115999     
  0.15025642514228821       0.53504742173672915       0.42664311613253869        2.4792484232194892E-002  0.50198341191281881     
  0.15564519166946411       0.54824729931227267       0.44180002715525879        2.6691479577142917E-002  0.52210956932905972     
  0.16103395819664001       0.56327204718629709       0.45813204219341369        2.8594612752744220E-002  0.54345626864426566     
  0.16642272472381592       0.58285640989217535       0.47608410135805745        3.0496478379783400E-002  0.56648398745894224     
  0.17181149125099179       0.60980881907460682       0.49673145880940550        3.2392067714192410E-002  0.59231550532285215     
  0.17720025777816775       0.64241304427115864       0.51858323001188344        3.4276926376416370E-002  0.61938254186146358     
  0.18258900940418243       0.67928968744861096       0.54127080468165978        3.6146909372164249E-002  0.64729147726471781     
  0.18797777593135831       0.71754312652400976       0.56382691303410348        3.7998511402589225E-002  0.67502041214141884     
  0.19336654245853424       0.75375906019309291       0.58551040096571572        3.9828356763330526E-002  0.70178385941277621     
  0.19875530898571014       0.78502028592405537       0.60608778883820646        4.1633824402098368E-002  0.72733047631768744     
  0.20414407551288605       0.80934766712763506       0.62488464342320893        4.3412227271517646E-002  0.75094498333689308     
  0.20953284204006195       0.82734553077016459       0.64233961013637175        4.5161697638947576E-002  0.77308323850214766     
  0.21492160856723788       0.84173089821017844       0.65968390581690495        4.6880307570615808E-002  0.79503543949885869     
  0.22031037509441379       0.85532341268997292       0.67707965434397166        4.8566527849399251E-002  0.81696953397890448     
  0.22569914162158966       0.87101069960264632       0.69502109916403665        5.0219495466572089E-002  0.83940460395151151     
  0.23108789324760434       0.89105126912427779       0.71369247217734211        5.1837641471354570E-002  0.86253216806813693     
  0.23647665977478027       0.91645225769156324       0.73282843865551295        5.3420862325136910E-002  0.88607339835789123     
  0.24186542630195618       0.94677878963814932       0.75240727324057788        5.4968293002342968E-002  0.91000397670660771     
  0.24725419282913208       0.98034438973966342       0.77215404328034376        5.6479330223016093E-002  0.93403334461511101     
  0.25264295935630798        1.0145890298467031       0.79168128818055505        5.7954658559721907E-002  0.95775505249977355     
  0.25803172588348389        1.0467727777205489       0.81076078095098081        5.9393198616042059E-002  0.98092647777773045     
  0.26342049241065979        1.0749034418314152       0.82939819932186831        6.0795344642600432E-002   1.0035544488026515     
  0.26880925893783575        1.0983066306660305       0.84783660210342948        6.2162184789417638E-002   1.0258972654900183     
  0.27419802546501160        1.1175289003887776       0.86559195581075388        6.3492560211308322E-002   1.0474427164364366     
  0.27958679199218750        1.1338481706679551       0.88347455567580679        6.4787383277744443E-002   1.0690460870419529     
  0.28497555851936335        1.1491297116042511       0.90102879187536167        6.6048213366055847E-002   1.0902309028370554     
  0.29036432504653931        1.1659862789943718       0.91888669752767893        6.7273863309317519E-002   1.1116601856416366     
  0.29575309157371527        1.1857952980535698       0.93670340502591420        6.8465225556103723E-002   1.1329726042605681     
  0.30114182829856878        1.2089257564702796       0.95455122350483501        6.9624290512309048E-002   1.1542484857790347     
  0.30653059482574463        1.2351547437414043       0.97219186195417107        7.0750552782449058E-002   1.1752357676111174     
  0.31191936135292053        1.2638212637930275       0.99015205390277905        7.1843867019858912E-002   1.1964885924328774     
  0.31730812788009644        1.2927227598200699        1.0078312236545968        7.2906413664360278E-002   1.2173792428101378     
  0.32269689440727234        1.3204665643309015        1.0252302227908379        7.3939487428313369E-002   1.2379113654002551     
  0.32808566093444824        1.3464101295884126        1.0429331584143349        7.4941321597539259E-002   1.2586958314984114     
  0.33347442746162415        1.3690274956531248        1.0598899909812174        7.5913717060401245E-002   1.2786313691108582     
  0.33886319398880005        1.3885954860811112        1.0769979917739338        7.6858887100088938E-002   1.2986669218490441     
  0.34425196051597590        1.4067668355348699        1.0940329271159601        7.7776706288681940E-002   1.3185661439023280     
  0.34964072704315191        1.4239372003151645        1.1108674901649340        7.8666113534130236E-002   1.3381927354817236     
  0.35502949357032781        1.4420353881216854        1.1278405322934364        7.9529355239153027E-002   1.3579078515459120     
  0.36041826009750366        1.4613412213980428        1.1446898628518638        8.0368596533388473E-002   1.3774402714485365     
  0.36580702662467957        1.4820261036176436        1.1609323414743171        8.1182925143663848E-002   1.3962799908246399     
  0.37119579315185547        1.5053200583193631        1.1779595045686257        8.1971742285596838E-002   1.4158886567046813     
  0.37658455967903137        1.5293116331819052        1.1943525823875678        8.2737242795517002E-002   1.4347793148518702     
  0.38197332620620728        1.5541355601555460        1.2108367185307631        8.3481485483540313E-002   1.4537186489530869     
  0.38736209273338318        1.5781312182450280        1.2271233704204676        8.4204023702032935E-002   1.4724023488712379     
  0.39275082945823669        1.6014611795467015        1.2435948595730799        8.4903537847515587E-002   1.4912291542442289     
  0.39813959598541260        1.6227483121000947        1.2595163953846882        8.5582068879927004E-002   1.5094314891339369     
  0.40352836251258850        1.6428089484134341        1.2757150144135612        8.6241554781495783E-002   1.5278822757465658     
  0.40891712903976440        1.6617980073751835        1.2916563507795773        8.6882929977367074E-002   1.5460222129295138     
  0.41430589556694031        1.6800450753779654        1.3075717453107760        8.7503745147100020E-002   1.5640888392534813     
  0.41969466209411621        1.6982205395928820        1.3233168836256906        8.8105412138228451E-002   1.5819336535309598     
  0.42508342862129211        1.7171444777437443        1.3392366192176792        8.8689764993612877E-002   1.5999225589547159     
  0.43047219514846802        1.7366313941130465        1.3547357871724806        8.9258444633331518E-002   1.6174344649898300     
  0.43586096167564392        1.7572543154610030        1.3704488123114695        8.9810552100272403E-002   1.6351331027574996     
  0.44124972820281982        1.7783457148013966        1.3859412959917132        9.0344841503985432E-002   1.6525598657693752     
  0.44663849472999573        1.7998638518417278        1.4013506621816756        9.0863053946509065E-002   1.6698627184216241     
  0.45202726125717163        1.8211289057685944        1.4166338623214039        9.1366806849089183E-002   1.6870000365501270     
  0.45741602778434753        1.8422665325831018        1.4319880724238843        9.1857462663829603E-002   1.7041815242564908     
  0.46280479431152344        1.8623012067440134        1.4471341159194260        9.2333369537563742E-002   1.7211107844278852     
  0.46819356083869934        1.8820029065863897        1.4622318593803834        9.2793985574857157E-002   1.7379541792806754     
  0.47358232736587524        1.9005969546005357        1.4772210092856350        9.3240897080748730E-002   1.7546519797872999     
  0.47897109389305115        1.9189507765263312        1.4922508314690304        9.3675520716276356E-002   1.7713636834008102     
  0.48435983061790466        1.9371989572447945        1.5071442003790168        9.4098983860059313E-002   1.7879061711680528     
  0.48974859714508057        1.9554033069967063        1.5219032061528335        9.4510359326835602E-002   1.8042795782258649     
  0.49513736367225647        1.9740790563789155        1.5366784076527311        9.4908217207403028E-002   1.8206383667510599     
  0.50052613019943237        1.9928341471091802        1.5513623007172939        9.5294131670148483E-002   1.8368734088937204     
  0.50591492652893066        2.0120876098776392        1.5659791528881906        9.5669353533225698E-002   1.8530128791957368     
  0.51130366325378418        2.0314938784355578        1.5804777997848352        9.6034989934030437E-002   1.8690056831118531     
  0.51669245958328247        2.0508009501049860        1.5949122023505986        9.6391447460134450E-002   1.8849092057917713     
  0.52208119630813599        2.0700407231047433        1.6092856628849954        9.6735896686705153E-002   1.9007205373433678     
  0.52746993303298950        2.0889201542711131        1.6236571479917890        9.7069660584563039E-002   1.9165042885596106     
  0.53285872936248779        2.1073745794701675        1.6378353220117350        9.7393888671627016E-002   1.9320628727552065     
  0.53824746608734131        2.1256544641307848        1.6520287077289122        9.7709620484824594E-002   1.9476167275659684     
  0.54363626241683960        2.1434320513870597        1.6661459834895844        9.8017685321418774E-002   1.9630721919718555     
  0.54902499914169312        2.1611805718524399        1.6802220000875674        9.8317752491362931E-002   1.9784649505914118     
  0.55441379547119141        2.1788209172889057        1.6941960592351193        9.8607087446940730E-002   1.9937253581626571     
  0.55980253219604492        2.1964297368617425        1.7080978198843861        9.8887666730508056E-002   2.0088888695305971     
  0.56519132852554321        2.2142213437423943        1.7219413543738984        9.9160449549920024E-002   2.0239723497490165     
  0.57058006525039673        2.2321018253515645        1.7357455600061944        9.9426298469494453E-002   2.0389974860833080     
  0.57596886157989502        2.2499722840800978        1.7494592095788013        9.9685977535537901E-002   2.0539124933590935     
  0.58135759830474854        2.2678589842908465        1.7631153021752093        9.9939269809678100E-002   2.0687513567417426     
  0.58674639463424683        2.2857210778486352        1.7767577784384447       0.10018299882996225        2.0835527173356807     
  0.59213513135910034        2.3033295366028814        1.7902326508802666       0.10041908747846645        2.0981601455075496     
  0.59752392768859863        2.3208693890898746        1.8037066645461806       0.10064861007753149        2.1127501926364456     
  0.60291266441345215        2.3382272486739337        1.8171766439086476       0.10087231904511025        2.1273212328282054     
  0.60830146074295044        2.3552774534938141        1.8304850859040431       0.10109091077217250        2.1417104758626935     
  0.61369019746780396        2.3722997770255811        1.8437850044809327       0.10130467637115236        2.1560782962923879     
  0.61907899379730225        2.3891964808608215        1.8570147985132475       0.10151179202122579        2.1703562276410833     
  0.62446773052215576        2.4060431154287154        1.8702020890891857       0.10171044148528746        2.1845689031421465     
  0.62985646724700928        2.4228559296410488        1.8833246016941856       0.10190341959925407        2.1986994941028377     
  0.68127381801605225        2.5809325995924097        2.0056741951217392       0.10350306688045165        2.3299155870328305     
  0.73688852787017822        2.7446209060446374        2.1326878178857553       0.10481003531990610        2.4651720191890090     
  0.79704326391220093        2.9141006397131859        2.2642552362518455       0.10582581850321995        2.6043307070445416     
  0.86210858821868896        3.0895509260690130        2.4004610643478661       0.10658982558544694        2.7475475803263443     
  0.93248546123504639        3.2707297578312904        2.5412485356953725       0.10713127235057272        2.8948110848024187     
   1.0086073875427246        3.4579294248897630        2.6866796317161277       0.10743350981449641        3.0461225482993317     
   1.0909434556961060        3.6508426106380445        2.8366091098043000       0.10755075076303891        3.2014443657562484     
   1.1800009012222290        3.8496018801058196        2.9911778328320966       0.10751342273005059        3.3609813356922418     
   1.2763283252716064        4.0542142494440352        3.1502459838512467       0.10727778124037782        3.5244608309343772     
   1.3805193901062012        4.2645769613114748        3.3138535665147928       0.10690912636226556        3.6920749346064712     
   1.4932159185409546        4.4806507041162851        3.4819504542013355       0.10645592718714633        3.8638871938967592     
   1.6151121854782104        4.7024870178732483        3.6545691517276890       0.10583132689700253        4.0396895425193851     
   1.7469592094421387        4.9300202252674676        3.8315721040299446       0.10510050124895189        4.2195004791196800     
   1.8895695209503174        5.1631695902335419        4.0130350476720267       0.10436172866518885        4.4036586206932311     
   1.9711295366287231        5.2910704901302141        4.1125709809890481       0.10384145308700411        4.5042671057372399     
   2.4582746028900146        5.9858040848268272        4.6540731847664887       0.10115394466023971        5.0509720224337276     
   3.0658125877380367        6.7240239812868747        5.2280237958997979        9.8075439367431141E-002   5.6280781596641996     
   3.8234977722167969        7.5048164418741647        5.8350840255617751        9.4636466028398356E-002   6.2362624898534396     
   4.7684373855590820        8.3270934962212646        6.4744036947918051        9.1251549766026133E-002   6.8759054928310759     
   5.9469089508056632        9.1897454212493646        7.1451187168738119        8.7692749160826894E-002   7.5454132897071169     
   7.4166288375854492        10.091761379958244        7.8464421925669470        8.4076820303859739E-002   8.2443570652568319     
   9.2495746612548828        11.031971084246077        8.5774620460478523        8.0926573988535450E-002   8.9736930058469291     
   11.535514831542971        12.009168885676571        9.3372413022995655        7.7537335084615785E-002   9.7300481097178011     
   14.386403083801270        13.022065650302986        10.124777924908130        7.4147839656016776E-002   10.513257039993711     
   17.941860198974609        14.069214289545144        10.938944680189449        7.1334087720608869E-002   11.324479138643730     
   22.376010894775387        15.149111426577273        11.778575104190283        6.8480052131998814E-002   12.160252384396331     
   27.906021118164059        16.259861422167241        12.642192830790520        6.5651138171581053E-002   13.019364493580561     
   34.802715301513665        17.399013561621512        13.527894419484221        6.2857186339976445E-002   13.899964381372355     
   43.403861999511719        18.563254315665304        14.433101687543573        6.0619047114179231E-002   14.801801923827064     
   54.130695343017578        19.747765811544703        15.354071578809497        5.8083999249660213E-002   15.717432430045056     
   67.508560180664062        20.945597615276849        16.285395654040514        5.5863303890425361E-002   16.644193170092429     
   84.192626953125000        22.146017302015942        17.218733622887388        5.3736308125120619E-002   17.572771357804335     
   104.99999237060543        23.333533809578324        18.142039226492983        5.1664912115524007E-002   18.490930684117711     
