   1.0497607945580963E-005   3.1663939435455557E-015   3.1663940217688279E-015   5.6505524065180910E-029   3.1663940221866493E-015
   1.1591339898586732E-005   4.6756130135445553E-015   4.6756129749811728E-015   1.1308212229459605E-028   4.6756129757511192E-015
   1.2799026990251152E-005   6.9041824179474443E-015   6.9041824936961980E-015   2.2630656230255690E-028   6.9041824951150298E-015
   1.4132539945421730E-005   1.0194965750887974E-014   1.0194965633087206E-014   4.5289759544824481E-028   1.0194965635701779E-014
   1.5604990039719259E-005   1.5054256581260887E-014   1.5054257279119508E-014   9.0636459791759906E-028   1.5054257283937549E-014
   1.7230853700311858E-005   2.2229666902367325E-014   2.2229666498702962E-014   1.8138694595758345E-027   2.2229666507581481E-014
   1.9026114387088472E-005   3.2825143435019196E-014   3.2825142343366263E-014   3.6300214172152345E-027   3.2825142359727289E-014
   2.1008419935242280E-005   4.8470804000125114E-014   4.8470803108122097E-014   7.2646081331663618E-027   4.8470803138271610E-014
   2.3197258997242881E-005   7.1573753815652166E-014   7.1573755492591789E-014   1.4538351446211083E-026   7.1573755548150240E-014
   2.5614152036723674E-005   1.0568843940026277E-013   1.0568844112236627E-013   2.9094998852145856E-026   1.0568844122474742E-013
   2.8282855055294934E-005   1.5606337374111267E-013   1.5606336751714066E-013   5.8226568750912181E-026   1.5606336770580493E-013
   3.1229610613081618E-005   2.3044894257171680E-013   2.3044893357651816E-013   1.1652643182928345E-025   2.3044893392418206E-013
   3.4483382478356355E-005   3.4028932441025604E-013   3.4028932013251846E-013   2.3319942641913660E-025   3.4028932077318111E-013
   3.8076159398769946E-005   5.0248358454758817E-013   5.0248357986564917E-013   4.6669206521662985E-025   5.0248358104623906E-013
   4.2043262510560433E-005   7.4198549845980654E-013   7.4198552023029473E-013   9.3397086626926344E-025   7.4198552240584305E-013
   4.6423694584518691E-005   1.0956428935596378E-012   1.0956428904468366E-012   1.8691162796331945E-024   1.0956428944558585E-012
   5.1260518375784186E-005   1.6178663574443341E-012   1.6178663222846974E-012   3.7405836675115259E-024   1.6178663296723799E-012
   5.6601285905344405E-005   2.3890008539554086E-012   2.3890008886950830E-012   7.4858738212384002E-024   2.3890009023088426E-012
   6.2498496845364544E-005   3.5276854059516873E-012   3.5276853038030335E-012   1.4981159330855085E-023   3.5276853288899748E-012
   6.9010129664093242E-005   5.2091082120507690E-012   5.2091083153149619E-012   2.9981149171035318E-023   5.2091083615442615E-012
   7.6200209150556434E-005   7.6919615070817480E-012   7.6919616451015281E-012   6.0000036555777123E-023   7.6919617302912584E-012
   8.4139406681060791E-005   1.1358230429134365E-011   1.1358230317025979E-011   1.2007552326297383E-022   1.1358230474010537E-011
   9.2905778728891164E-005   1.6771976738471551E-011   1.6771976146541496E-011   2.4030201956227960E-022   1.6771976435826945E-011
   1.0258550901198752E-004   2.4766113309430904E-011   2.4766112727692153E-011   4.8090623005644834E-022   2.4766113260776954E-011
   1.1327375977998591E-004   3.6570550059241277E-011   3.6570548586501423E-011   9.6241735173035559E-022   3.6570549568850986E-011
   1.2507560313679289E-004   5.4001409739125957E-011   5.4001410812991577E-011   1.9260449933296498E-021   5.4001412623229954E-011
   1.3810706150252369E-004   7.9740445853497331E-011   7.9740443084387407E-011   3.8545114132010572E-021   7.9740446420228883E-011
   1.5249625721480703E-004   1.1774766490658540E-010   1.1774765819795048E-010   7.7138704848746242E-021   1.1774766434511924E-010
   1.6838463488966221E-004   1.7387047822577563E-010   1.7387047230616625E-010   1.5437437800345962E-020   1.7387048363394483E-010
   1.8592840933706603E-004   2.5674350769115146E-010   2.5674351285286979E-010   3.0894284577118213E-020   2.5674353372729015E-010
   2.0530004985630496E-004   3.7911687744855291E-010   3.7911687191604973E-010   6.1827418260249090E-020   3.7911691038267879E-010
   2.2668998281005773E-004   5.5981774885554448E-010   5.5981773818578653E-010   1.2373253108953284E-019   5.5981780907067737E-010
   2.5030851247720415E-004   8.2664733061703965E-010   8.2664728750050168E-010   2.4762058294410228E-019   8.2664741812459122E-010
   2.7638784376904352E-004   1.2206579515262911E-009   1.2206578715339477E-009   4.9555252692426389E-019   1.2206581122433149E-009
   3.0518430867232361E-004   1.8024676594459761E-009   1.8024675480151654E-009   9.9172727242145442E-019   1.8024679915853669E-009
   3.3698105835355824E-004   2.6615895646554083E-009   2.6615894751553982E-009   1.9847002157293757E-018   2.6615902925501399E-009
   3.7209066795185214E-004   3.9302002834038267E-009   3.9301998906862171E-009   3.9718928128042771E-018   3.9302013969507930E-009
   4.1085830889642222E-004   5.8034775941609064E-009   5.8034771605195824E-009   7.9487728754811886E-018   5.8034799362077889E-009
   4.5366509584710002E-004   8.5696271488151029E-009   8.5696257324606333E-009   1.5907520504904807E-017   8.5696308473937844E-009
   5.0093187019228914E-004   1.2654225143744793E-008   1.2654223159820016E-008   3.1834994945426681E-017   1.2654232585423834E-008
   5.5312330368906249E-004   1.8685691478915413E-008   1.8685687175141792E-008   6.3709892263587815E-017   1.8685704544278673E-008
   6.1075249686837186E-004   2.7591975672057125E-008   2.7591967011560914E-008   1.2749957583199979E-016   2.7591999018720870E-008
   6.7438598489388834E-004   4.0743317103544029E-008   4.0743300772982216E-008   2.5515868525070461E-016   4.0743359754487267E-008
   7.4464938370510947E-004   6.0163074437298346E-008   6.0163044157313177E-008   5.1063631256011754E-016   6.0163152846008530E-008
   8.2223338540643454E-004   8.8838978517654688E-008   8.8838921143470133E-008   1.0219096121702028E-015   8.8839121430336897E-008
   9.0790080139413443E-004   1.3118288341652709E-007   1.3118277029170153E-007   2.0450925034573401E-015   1.3118313937157146E-007
   1.0024937801063061E-003   1.9370943167071582E-007   1.9370919724329045E-007   4.0927275707320355E-015   1.9370987736682078E-007
   1.1069423053413627E-003   2.8597592264983240E-007   2.8597546819967319E-007   8.1905319116560145E-015   2.8597672142467277E-007
   1.2222731020301583E-003   4.2195134428645156E-007   4.2195046710586757E-007   1.6391184314422439E-014   4.2195277599366594E-007
   1.3496201718226077E-003   6.2217228668753823E-007   6.2217059836687095E-007   3.2802561508926863E-014   6.2217485140009939E-007
   1.4902353286743162E-003   9.1672313663377082E-007   9.1671979642765451E-007   6.5645331909869396E-014   9.1672762904087157E-007
   1.6455008881166577E-003   1.3495899124673748E-006   1.3495833400015779E-006   1.3137062211879640E-013   1.3495977616395128E-006
   1.8169435206800699E-003   1.9849510902938428E-006   1.9849383104882146E-006   2.6290027536988557E-013   1.9849648570631835E-006
   2.0062483381479974E-003   2.9163233376076976E-006   2.9162986020503313E-006   5.2611566345792645E-013   2.9163474532324801E-006
   2.2152769379317752E-003   4.2795214215816846E-006   4.2794730767475240E-006   1.0528563788478434E-012   4.2795629430974440E-006
   2.4460835848003626E-003   6.2714993350305777E-006   6.2714055304375613E-006   2.1069446124082643E-012   6.2715707866958968E-006
   2.7009379118680945E-003   9.1769721345771406E-006   9.1767903636866750E-006   4.2163163789304019E-012   9.1770941302099222E-006
   2.9823449440300460E-003   1.3406060892270862E-005   1.3405708087379075E-005   8.4373854690950267E-012   1.3406266198647001E-005
   3.2930714078247538E-003   1.9548506507712488E-005   1.9547823679178162E-005   1.6884035260440320E-011   1.9548848582019817E-005
   3.6361722741276017E-003   2.8447484375687245E-005   2.8446166948109127E-005   3.3786024433096931E-011   2.8448047994741105E-005
   4.0150200948119172E-003   4.1306155053201758E-005   4.1303616052841987E-005   6.7606449317781102E-011   4.1307066287840949E-005
   4.4333399273455134E-003   5.9832209597835086E-005   5.9827336647846347E-005   1.3527814400933056E-010   5.9833660824013946E-005
   4.8952437937259674E-003   8.6435729918857380E-005   8.6426388583414200E-005   2.7067766734510577E-010   8.6437971894539118E-005
   5.4052728228271025E-003   1.2450901875134422E-004   1.2449118278305595E-004   5.4157565298676170E-010   1.2451238143817753E-004
   5.9684407897293550E-003   1.7878001946197591E-004   1.7874604093158237E-004   1.0835353862333867E-009   1.7878480144258607E-004
   6.5902848728001144E-003   2.5582411470116175E-004   2.5575966239171471E-004   2.1676997380837066E-009   2.5583046404567918E-004
   7.2769178077578519E-003   3.6466159124862017E-004   3.6453976105545860E-004   4.3363034513986448E-009   3.6466894715460714E-004
   8.0350907519459707E-003   5.1758764139259335E-004   5.1735838584393600E-004   8.6735285949285564E-009   5.1759380980995662E-004
   8.8722556829452532E-003   7.3129794740179439E-004   7.3086858013314180E-004   1.7346620601421571E-008   7.3129703322954488E-004
   9.7966445609927195E-003   1.0279715192809482E-003   1.0271716516267366E-003   3.4686608624588734E-008   1.0279502199060451E-003
   1.0817344300448895E-002   1.4368716743860389E-003   1.4353915144976190E-003   6.9345045887028686E-008   1.4368038998247088E-003
   1.1944388970732692E-002   1.9958903480057264E-003   1.9931710122652242E-003   1.3859507179192699E-007   1.9957282931105866E-003
   1.3188858516514300E-002   2.7529074376928882E-003   2.7479494538036157E-003   2.7689897375173965E-007   2.7525695362816561E-003
   1.4562988653779026E-002   3.7676815034105734E-003   3.7587130573997780E-003   5.5294939539498942E-007   3.7670392110381781E-003
   1.6080286353826523E-002   5.1112356554606142E-003   5.0951470649002123E-003   1.1034925280446207E-006   5.1101088744978321E-003
   1.7755670472979553E-002   6.8663894200754272E-003   6.8377796265501715E-003   2.2002738576955698E-006   6.8645763452589402E-003
   1.9605610519647595E-002   9.1245112815233551E-003   9.0741262040072677E-003   4.3819967165436902E-006   9.1219348233573059E-003
   2.1648293361067772E-002   1.1978853855397870E-002   1.1891214029277175E-002   8.7129605888816029E-006   1.1976125433804101E-002
   2.3903800174593925E-002   1.5523375154639002E-002   1.5373278729179932E-002   1.7285854410757990E-005   1.5523305072039936E-002
   2.6394305750727654E-002   1.9838900367253946E-002   1.9586988662892716E-002   3.4187801777823885E-005   1.9850458682190049E-002
   2.9144294559955593E-002   2.5003044920263104E-002   2.4590122902397617E-002   6.7325108651051328E-005   2.5049616197980424E-002
   3.2180801033973701E-002   3.1102281985975068E-002   3.0442420331681191E-002   1.3178529627740968E-004   3.1237477822183151E-002
   3.5533674061298370E-002   3.8270836203364869E-002   3.7241422089781727E-002   2.5580859511317928E-004   3.8604858646167702E-002
   3.9235882461071007E-002   4.6786015863420731E-002   4.5209443107087195E-002   4.9083082911936869E-004   4.7524314388297281E-002
   4.3323814868927002E-002   5.7163993641080220E-002   5.4770741364267364E-002   9.2702078324153735E-004   5.8656382088094428E-002
   4.7656197100877769E-002   6.9677964998447819E-002   6.6096165945319335E-002   1.6751712510371651E-003   7.2408806703565920E-002
   5.1988579332828529E-002   8.4333848280652088E-002   7.9089420435071292E-002   2.8135508853404903E-003   8.8792935288357577E-002
   5.6320961564779275E-002  0.10124271880392625        9.3742116562726963E-002   4.4338728272823244E-003  0.10794680228220815     
   6.0653343796730055E-002  0.12026785907003010       0.10982860034427755        6.6092328410535667E-003  0.12973451596226057     
   6.4985722303390517E-002  0.14096081090549048       0.12688447365928188        9.3855590273579492E-003  0.15370898291570029     
   6.9318108260631561E-002  0.16242200039482599       0.14414439397567122        1.2778988736808822E-002  0.17904106289877827     
   7.3650486767292023E-002  0.18330287068980808       0.16059441232736091        1.6778692178928627E-002  0.20457626797219164     
   7.7982872724533067E-002  0.20244311329644990       0.17549142778728630        2.1353173186453352E-002  0.22939897319371796     
   8.2315251231193529E-002  0.21935023086559180       0.18866716625103058        2.6457474463853235E-002  0.25318465883960672     
   8.6647629737854004E-002  0.23418642747386315       0.20041223956000853        3.2039683906782572E-002  0.27610532783381980     
   9.0980015695095062E-002  0.24759020989242092       0.21132927767425311        3.8045733533042601E-002  0.29869213378472581     
   9.6368782222270966E-002  0.26394235649136738       0.22498508314540644        4.6027765994442582E-002  0.32752509823651527     
  0.10175754129886626       0.28229861817622254       0.24019838574010230        5.4487160807405031E-002  0.35868232690625018     
  0.10714630782604216       0.30520348194496050       0.25832310911670159        6.3335710468410786E-002  0.39358524323078720     
  0.11253507435321806       0.33384126238363576       0.27964739493875562        7.2493393431159250E-002  0.43249070597029488     
  0.11792384088039397       0.36765375604908113       0.30350048859796269        8.1887723313247299E-002  0.47457392165558127     
  0.12331259995698926       0.40428898189778728       0.32838690668896359        9.1452874003163459E-002  0.51806603570695908     
  0.12870137393474582       0.44039357515118643       0.35255056258510825       0.10112899463746278       0.56089127804233707     
  0.13409014046192172       0.47277686584344186       0.37465882354955882       0.11086150803936196       0.60144611726336306     
  0.13947889208793640       0.49946249728803044       0.39417605144226719       0.12060083059062245       0.63903029313917092     
  0.14486765861511230       0.51977125827024728       0.41123420217018042       0.13030214361336195       0.67370862805040010     
  0.15025642514228821       0.53504742173672915       0.42664311613253869       0.13992501601761870       0.70633235460597743     
  0.15564519166946411       0.54824729931227267       0.44180002715525879       0.14943336308533486       0.73844604365518152     
  0.16103395819664001       0.56327204718629709       0.45813204219341369       0.15879529271701320       0.77165177166405974     
  0.16642272472381592       0.58285640989217535       0.47608410135805745       0.16798290428556048       0.80643564692724257     
  0.17181149125099179       0.60980881907460682       0.49673145880940550       0.17697210753528567       0.84401604963965160     
  0.17720025777816775       0.64241304427115864       0.51858323001188344       0.18574245528159281       0.88264985691323217     
  0.18258900940418243       0.67928968744861096       0.54127080468165978       0.19427688544367053       0.92188828570394055     
  0.18797777593135831       0.71754312652400976       0.56382691303410348       0.20256154026890560       0.96059352292246269     
  0.19336654245853424       0.75375906019309291       0.58551040096571572       0.21058546728986149       0.99789252659607997     
  0.19875530898571014       0.78502028592405537       0.60608778883820646       0.21834037984646928        1.0335027530929155     
  0.20414407551288605       0.80934766712763506       0.62488464342320893       0.22582042753998816        1.0666353979649568     
  0.20953284204006195       0.82734553077016459       0.64233961013637175       0.23302191124433216        1.0977912581865985     
  0.21492160856723788       0.84173089821017844       0.65968390581690495       0.23994313093936687        1.1283915912492544     
  0.22031037509441379       0.85532341268997292       0.67707965434397166       0.24658405870806169        1.1586244988508509     
  0.22569914162158966       0.87101069960264632       0.69502109916403665       0.25294616424376526        1.1890643550499271     
  0.23108789324760434       0.89105126912427779       0.71369247217734211       0.25903228240833509        1.2199283046942770     
  0.23647665977478027       0.91645225769156324       0.73282843865551295       0.26484623470235852        1.2509142116638075     
  0.24186542630195618       0.94677878963814932       0.75240727324057788       0.27039292365487649        1.2820029759840001     
  0.24725419282913208       0.98034438973966342       0.77215404328034376       0.27567800863794156        1.3128838614731002     
  0.25264295935630798        1.0145890298467031       0.79168128818055505       0.28070769852726701        1.3431175924079990     
  0.25803172588348389        1.0467727777205489       0.81076078095098081       0.28548888650986048        1.3724506613868608     
  0.26342049241065979        1.0749034418314152       0.82939819932186831       0.29002881203760600        1.4009004205869382     
  0.26880925893783575        1.0983066306660305       0.84783660210342948       0.29433491086570696        1.4287580527009944     
  0.27419802546501160        1.1175289003887776       0.86559195581075388       0.29841512446683005        1.4554776553360340     
  0.27958679199218750        1.1338481706679551       0.88347455567580679       0.30227729815277082        1.4820040465224125     
  0.28497555851936335        1.1491297116042511       0.90102879187536167       0.30592936210496957        1.5078240696305065     
  0.29036432504653931        1.1659862789943718       0.91888669752767893       0.30937944622643060        1.5336762026805157     
  0.29575309157371527        1.1857952980535698       0.93670340502591420       0.31263561595536266        1.5591749929807781     
  0.30114182829856878        1.2089257564702796       0.95455122350483501       0.31570555731713462        1.5844142649904378     
  0.30653059482574463        1.2351547437414043       0.97219186195417107       0.31859729406706688        1.6091320349452582     
  0.31191936135292053        1.2638212637930275       0.99015205390277905       0.32131852924875853        1.6339431715125787     
  0.31730812788009644        1.2927227598200699        1.0078312236545968       0.32387670795769258        1.6581698243345409     
  0.32269689440727234        1.3204665643309015        1.0252302227908379       0.32627901303167578        1.6818239102349666     
  0.32808566093444824        1.3464101295884126        1.0429331584143349       0.32853285456796016        1.7055843281939240     
  0.33347442746162415        1.3690274956531248        1.0598899909812174       0.33064504446802756        1.7282608994778252     
  0.33886319398880005        1.3885954860811112        1.0769979917739338       0.33262203419490738        1.7508886727672439     
  0.34425196051597590        1.4067668355348699        1.0940329271159601       0.33447049724426742        1.7732212087706758     
  0.34964072704315191        1.4239372003151645        1.1108674901649340       0.33619671931598760        1.7951227643086629     
  0.35502949357032781        1.4420353881216854        1.1278405322934364       0.33780655675266424        1.8169880276195518     
  0.36041826009750366        1.4613412213980428        1.1446898628518638       0.33930553445174494        1.8385264206539713     
  0.36580702662467957        1.4820261036176436        1.1609323414743171       0.34069942330106945        1.8591977208135713     
  0.37119579315185547        1.5053200583193631        1.1779595045686257       0.34199348861734374        1.8805912454965732     
  0.37658455967903137        1.5293116331819052        1.1943525823875678       0.34319264764939567        1.9011024563171091     
  0.38197332620620728        1.5541355601555460        1.2108367185307631       0.34430150708596818        1.9215618361205902     
  0.38736209273338318        1.5781312182450280        1.2271233704204676       0.34532486714433058        1.9416494272138909     
  0.39275082945823669        1.6014611795467015        1.2435948595730799       0.34626717117473510        1.9618050306436521     
  0.39813959598541260        1.6227483121000947        1.2595163953846882       0.34713240187645150        1.9812031318607162     
  0.40352836251258850        1.6428089484134341        1.2757150144135612       0.34792442973295334        2.0007854469203026     
  0.40891712903976440        1.6617980073751835        1.2916563507795773       0.34864700005269100        2.0199535147535412     
  0.41430589556694031        1.6800450753779654        1.3075717453107760       0.34930391181100440        2.0389747270120990     
  0.41969466209411621        1.6982205395928820        1.3233168836256906       0.34989843456191932        2.0576913763638620     
  0.42508342862129211        1.7171444777437443        1.3392366192176792       0.35043368968681160        2.0764970555034106     
  0.43047219514846802        1.7366313941130465        1.3547357871724806       0.35091251873877088        2.0947257047876322     
  0.43586096167564392        1.7572543154610030        1.3704488123114695       0.35133816502637610        2.1130969081099167     
  0.44124972820281982        1.7783457148013966        1.3859412959917132       0.35171341222867797        2.1311261682135396     
  0.44663849472999573        1.7998638518417278        1.4013506621816756       0.35204055925705868        2.1489718616330897     
  0.45202726125717163        1.8211289057685944        1.4166338623214039       0.35232217392749721        2.1665898381957085     
  0.45741602778434753        1.8422665325831018        1.4319880724238843       0.35256035900438421        2.1842047400862326     
  0.46280479431152344        1.8623012067440134        1.4471341159194260       0.35275770312663030        2.2015075884240276     
  0.46819356083869934        1.8820029065863897        1.4622318593803834       0.35291632028893288        2.2186811889899394     
  0.47358232736587524        1.9005969546005357        1.4772210092856350       0.35303785514050123        2.2356607191784916     
  0.47897109389305115        1.9189507765263312        1.4922508314690304       0.35312429008978347        2.2526164580787822     
  0.48435983061790466        1.9371989572447945        1.5071442003790168       0.35317723575960819        2.2693528900234154     
  0.48974859714508057        1.9554033069967063        1.5219032061528335       0.35319864524717420        2.2858757604507520     
  0.49513736367225647        1.9740790563789155        1.5366784076527311       0.35319037339594239        2.3023563482928289     
  0.50052613019943237        1.9928341471091802        1.5513623007172939       0.35315349732007434        2.3186764031165867     
  0.50591492652893066        2.0120876098776392        1.5659791528881906       0.35308933282342392        2.3348652603660045     
  0.51130366325378418        2.0314938784355578        1.5804777997848352       0.35299941866066176        2.3508685533305753     
  0.51669245958328247        2.0508009501049860        1.5949122023505986       0.35288495493140326        2.3667485195181599     
  0.52208119630813599        2.0700407231047433        1.6092856628849954       0.35274764907204070        2.3825117525576647     
  0.52746993303298950        2.0889201542711131        1.6236571479917890       0.35258845075301870        2.3982254586024236     
  0.53285872936248779        2.1073745794701675        1.6378353220117350       0.35240806488529436        2.4136781950977957     
  0.53824746608734131        2.1256544641307848        1.6520287077289122       0.35220759622456405        2.4291036850292533     
  0.54363626241683960        2.1434320513870597        1.6661459834895844       0.35198816806198097        2.4444024091559768     
  0.54902499914169312        2.1611805718524399        1.6802220000875674       0.35175073755587410        2.4596147430705910     
  0.55441379547119141        2.1788209172889057        1.6941960592351193       0.35149663110527657        2.4746757068887204     
  0.55980253219604492        2.1964297368617425        1.7080978198843861       0.35122654416952748        2.4896195026939578     
  0.56519132852554321        2.2142213437423943        1.7219413543738984       0.35094064669817882        2.5044621084689482     
  0.57058006525039673        2.2321018253515645        1.7357455600061944       0.35063991226205210        2.5192261746036455     
  0.57596886157989502        2.2499722840800978        1.7494592095788013       0.35032529541523622        2.5338567385362416     
  0.58135759830474854        2.2678589842908465        1.7631153021752093       0.34999740406626656        2.5483914612091860     
  0.58674639463424683        2.2857210778486352        1.7767577784384447       0.34965717101159749        2.5628805684626927     
  0.59213513135910034        2.3033295366028814        1.7902326508802666       0.34930559430425512        2.5771558002138102     
  0.59752392768859863        2.3208693890898746        1.8037066645461806       0.34894235752379760        2.5914008855991302     
  0.60291266441345215        2.3382272486739337        1.8171766439086476       0.34856791180043861        2.6056130939373876     
  0.60830146074295044        2.3552774534938141        1.8304850859040431       0.34818341354664800        2.6196208302691706     
  0.61369019746780396        2.3722997770255811        1.8437850044809327       0.34778913901619046        2.6335934145367217     
  0.61907899379730225        2.3891964808608215        1.8570147985132475       0.34738579192329250        2.6474642589759241     
  0.62446773052215576        2.4060431154287154        1.8702020890891857       0.34697395800773290        2.6612649024974604     
  0.62985646724700928        2.4228559296410488        1.8833246016941856       0.34655447841645803        2.6749723897532620     
  0.68127381801605225        2.5809325995924097        2.0056741951217392       0.34220582701506053        2.8016041887092058     
  0.73688852787017822        2.7446209060446374        2.1326878178857553       0.33703051910565818        2.9311343610297635     
  0.79704326391220093        2.9141006397131859        2.2642552362518455       0.33115243252851406        3.0635904173756603     
  0.86210858821868896        3.0895509260690130        2.4004610643478661       0.32467684262716734        3.1991905591706211     
  0.93248546123504639        3.2707297578312904        2.5412485356953725       0.31770133995226568        3.3379958066353690     
   1.0086073875427246        3.4579294248897630        2.6866796317161277       0.31031750838146771        3.4801947521627330     
   1.0909434556961060        3.6508426106380445        2.8366091098043000       0.30259325664415820        3.6257176964114310     
   1.1800009012222290        3.8496018801058196        2.9911778328320966       0.29460339758165277        3.7748235758347084     
   1.2763283252716064        4.0542142494440352        3.1502459838512467       0.28642168777230492        3.9274784527687632     
   1.3805193901062012        4.2645769613114748        3.3138535665147928       0.27807913491907882        4.0837617226904177     
   1.4932159185409546        4.4806507041162851        3.4819504542013355       0.26964955105960409        4.2437511152602641     
   1.6151121854782104        4.7024870178732483        3.6545691517276890       0.26119155198340621        4.4075898026507039     
   1.7469592094421387        4.9300202252674676        3.8315721040299446       0.25267318010247830        4.5750520590058095     
   1.8895695209503174        5.1631695902335419        4.0130350476720267       0.24421534126560154        4.7464726890759454     
   1.9711295366287231        5.2910704901302141        4.1125709809890481       0.23966964493445753        4.8403547458152154     
   2.4582746028900146        5.9858040848268272        4.6540731847664887       0.21658833924519755        5.3508589548075065     
   3.0658125877380367        6.7240239812868747        5.2280237958997979       0.19440711796316679        5.8908301319546466     
   3.8234977722167969        7.5048164418741647        5.8350840255617751       0.17373856907030583        6.4627407378684252     
   4.7684373855590820        8.3270934962212646        6.4744036947918051       0.15523439442921222        7.0679677565946877     
   5.9469089508056632        9.1897454212493646        7.1451187168738119       0.13801504495694689        7.7037598081779839     
   7.4166288375854492        10.091761379958244        7.8464421925669470       0.12230292448510645        8.3703871896660189     
   9.2495746612548828        11.031971084246077        8.5774620460478523       0.10889610205498071        9.0700896612848894     
   11.535514831542971        12.009168885676571        9.3372413022995655        9.6412971699741293E-002   9.7980683646484437     
   14.386403083801270        13.022065650302986        10.124777924908130        8.5199873705595300E-002   10.554875501928430     
   17.941860198974609        14.069214289545144        10.938944680189449        7.5757112731803550E-002   11.341837858806752     
   22.376010894775387        15.149111426577273        11.778575104190283        6.6808715029835125E-002   12.153413711013149     
   27.906021118164059        16.259861422167241        12.642192830790520        5.8842880225882285E-002   12.990340038751286     
   34.802715301513665        17.399013561621512        13.527894419484221        5.1513701693844054E-002   13.849582442364865     
   43.403861999511719        18.563254315665304        14.433101687543573        4.5524788722936110E-002   14.732179816520619     
   54.130695343017578        19.747765811544703        15.354071578809497        3.9530352812611504E-002   15.628376780007544     
   67.508560180664062        20.945597615276849        16.285395654040514        3.4528224607567631E-002   16.537876157829661     
   84.192626953125000        22.146017302015942        17.218733622887388        2.9814342549820790E-002   17.448997083472531     
   104.99999237060543        23.333533809578324        18.142039226492983        2.5562402187205149E-002   18.350769430843474     
