   1.0497607945580963E-005   3.1663939435455557E-015   3.1663939435455557E-015   5.1496334224736689E-017   3.2178902777702924E-015
   1.1591339898586732E-005   4.6756130135445553E-015   4.6756130135445553E-015   6.9327081927048271E-017   4.7449400954716033E-015
   1.2799026990251152E-005   6.9041824179474443E-015   6.9041824179474443E-015   9.3333283459976033E-017   6.9975157014074203E-015
   1.4132539945421730E-005   1.0194965750887974E-014   1.0194965750887974E-014   1.2564828468527568E-016   1.0320614035573251E-014
   1.5604990039719259E-005   1.5054256581260887E-014   1.5054256581260887E-014   1.6915329615054875E-016   1.5223409877411437E-014
   1.7230853700311858E-005   2.2229666902367325E-014   2.2229666902367325E-014   2.2773132106658349E-016   2.2457398223433910E-014
   1.9026114387088472E-005   3.2825143435019196E-014   3.2825143435019196E-014   3.0658848748600205E-016   3.3131731922505199E-014
   2.1008419935242280E-005   4.8470804000125114E-014   4.8470804000125114E-014   4.1274317313239409E-016   4.8883547173257509E-014
   2.3197258997242881E-005   7.1573753815652166E-014   7.1573753815652166E-014   5.5566654571317783E-016   7.2129420361365349E-014
   2.5614152036723674E-005   1.0568843940026277E-013   1.0568843940026277E-013   7.4805975395148081E-016   1.0643649915421426E-013
   2.8282855055294934E-005   1.5606337374111267E-013   1.5606337374111267E-013   1.0071027993048240E-015   1.5707047654041750E-013
   3.1229610613081618E-005   2.3044894257171680E-013   2.3044894257171680E-013   1.3558269686045076E-015   2.3180476954032130E-013
   3.4483382478356355E-005   3.4028932441025604E-013   3.4028932441025604E-013   1.8252892368644497E-015   3.4211461364712051E-013
   3.8076159398769946E-005   5.0248358454758817E-013   5.0248358454758817E-013   2.4573370861915582E-015   5.0494092163377971E-013
   4.2043262510560433E-005   7.4198549845980654E-013   7.4198549845980654E-013   3.3082235526578768E-015   7.4529372201246443E-013
   4.6423694584518691E-005   1.0956428935596378E-012   1.0956428935596378E-012   4.4536086752264122E-015   1.1000965022348642E-012
   5.1260518375784186E-005   1.6178663574443341E-012   1.6178663574443341E-012   5.9957968965377233E-015   1.6238621543408717E-012
   5.6601285905344405E-005   2.3890008539554086E-012   2.3890008539554086E-012   8.0720465973595829E-015   2.3970729005527679E-012
   6.2498496845364544E-005   3.5276854059516873E-012   3.5276854059516873E-012   1.0867035044458635E-014   3.5385524409961458E-012
   6.9010129664093242E-005   5.2091082120507690E-012   5.2091082120507690E-012   1.4626729094355144E-014   5.2237349411451245E-012
   7.6200209150556434E-005   7.6919615070817480E-012   7.6919615070817480E-012   1.9695720477897996E-014   7.7116572275596453E-012
   8.4139406681060791E-005   1.1358230429134365E-011   1.1358230429134365E-011   2.6515576228964017E-014   1.1384746005363329E-011
   9.2905778728891164E-005   1.6771976738471551E-011   1.6771976738471551E-011   3.5697001908538014E-014   1.6807673740380088E-011
   1.0258550901198752E-004   2.4766113309430904E-011   2.4766113309430904E-011   4.8057717897084859E-014   2.4814171027327989E-011
   1.1327375977998591E-004   3.6570550059241277E-011   3.6570550059241277E-011   6.4698408534970757E-014   3.6635248467776245E-011
   1.2507560313679289E-004   5.4001409739125957E-011   5.4001409739125957E-011   8.7100545582108653E-014   5.4088510284708067E-011
   1.3810706150252369E-004   7.9740445853497331E-011   7.9740445853497331E-011   1.1726093008255518E-013   7.9857706783579887E-011
   1.5249625721480703E-004   1.1774766490658540E-010   1.1774766490658540E-010   1.5786309462371244E-013   1.1790552800120912E-010
   1.6838463488966221E-004   1.7387047822577563E-010   1.7387047822577563E-010   2.1252326971378722E-013   1.7408300149548941E-010
   1.8592840933706603E-004   2.5674350769115146E-010   2.5674350769115146E-010   2.8611602011321594E-013   2.5702962371126468E-010
   2.0530004985630496E-004   3.7911687744855291E-010   3.7911687744855291E-010   3.8518455738256539E-013   3.7950206200593548E-010
   2.2668998281005773E-004   5.5981774885554448E-010   5.5981774885554448E-010   5.1856397700786122E-013   5.6033631283255237E-010
   2.5030851247720415E-004   8.2664733061703965E-010   8.2664733061703965E-010   6.9812390354511848E-013   8.2734545452058479E-010
   2.7638784376904352E-004   1.2206579515262911E-009   1.2206579515262911E-009   9.3984560047294674E-013   1.2215977971267641E-009
   3.0518430867232361E-004   1.8024676594459761E-009   1.8024676594459761E-009   1.2652846649780466E-012   1.8037329441109543E-009
   3.3698105835355824E-004   2.6615895646554083E-009   2.6615895646554083E-009   1.7034172080839784E-012   2.6632929818634922E-009
   3.7209066795185214E-004   3.9302002834038267E-009   3.9302002834038267E-009   2.2932526082878376E-012   3.9324935360121147E-009
   4.1085830889642222E-004   5.8034775941609064E-009   5.8034775941609064E-009   3.0873138637475834E-012   5.8065649080246542E-009
   4.5366509584710002E-004   8.5696271488151029E-009   8.5696271488151029E-009   4.1563431609451455E-012   8.5737834919760486E-009
   5.0093187019228914E-004   1.2654225143744793E-008   1.2654225143744793E-008   5.5954001753194729E-012   1.2659820543920112E-008
   5.5312330368906249E-004   1.8685691478915413E-008   1.8685691478915413E-008   7.5330457604958049E-012   1.8693224524675907E-008
   6.1075249686837186E-004   2.7591975672057125E-008   2.7591975672057125E-008   1.0141449879011431E-011   2.7602117121936136E-008
   6.7438598489388834E-004   4.0743317103544029E-008   4.0743317103544029E-008   1.3653092208069130E-011   4.0756970195752096E-008
   7.4464938370510947E-004   6.0163074437298346E-008   6.0163074437298346E-008   1.8380606091553956E-011   6.0181455043389896E-008
   8.2223338540643454E-004   8.8838978517654688E-008   8.8838978517654688E-008   2.4745174930885123E-011   8.8863723692585577E-008
   9.0790080139413443E-004   1.3118288341652709E-007   1.3118288341652709E-007   3.3313495203577809E-011   1.3121619691173067E-007
   1.0024937801063061E-003   1.9370943167071582E-007   1.9370943167071582E-007   4.4848654096215107E-011   1.9375428032481203E-007
   1.1069423053413627E-003   2.8597592264983240E-007   2.8597592264983240E-007   6.0377901572361407E-011   2.8603630055140475E-007
   1.2222731020301583E-003   4.2195134428645156E-007   4.2195134428645156E-007   8.1284857391376896E-011   4.2203262914384296E-007
   1.3496201718226077E-003   6.2217228668753823E-007   6.2217228668753823E-007   1.0943050859822932E-010   6.2228171719613643E-007
   1.4902353286743162E-003   9.1672313663377082E-007   9.1672313663377082E-007   1.4731984704196384E-010   9.1687045648081279E-007
   1.6455008881166577E-003   1.3495899124673748E-006   1.3495899124673748E-006   1.9833255362654811E-010   1.3497882450210013E-006
   1.8169435206800699E-003   1.9849510902938428E-006   1.9849510902938428E-006   2.6700950519765430E-010   1.9852180997990407E-006
   2.0062483381479974E-003   2.9163233376076976E-006   2.9163233376076976E-006   3.5946574499446303E-010   2.9166828033526922E-006
   2.2152769379317752E-003   4.2795214215816846E-006   4.2795214215816846E-006   4.8393363847012861E-010   4.2800053552201546E-006
   2.4460835848003626E-003   6.2714993350305777E-006   6.2714993350305777E-006   6.5150192031641648E-010   6.2721508369508942E-006
   2.7009379118680945E-003   9.1769721345771406E-006   9.1769721345771406E-006   8.7709123093505543E-010   9.1778492258080751E-006
   2.9823449440300460E-003   1.3406060892270862E-005   1.3406060892270862E-005   1.1807955405789537E-009   1.3407241687811441E-005
   3.2930714078247538E-003   1.9548506507712488E-005   1.9548506507712488E-005   1.5896571510965185E-009   1.9550096164863586E-005
   3.6361722741276017E-003   2.8447484375687245E-005   2.8447484375687245E-005   2.1400910809071165E-009   2.8449624466768153E-005
   4.0150200948119172E-003   4.1306155053201758E-005   4.1306155053201758E-005   2.8811152431952787E-009   4.1309036168444955E-005
   4.4333399273455134E-003   5.9832209597835086E-005   5.9832209597835086E-005   3.8787216361527874E-009   5.9836088319471238E-005
   4.8952437937259674E-003   8.6435729918857380E-005   8.6435729918857380E-005   5.2217528506907696E-009   8.6440951671708065E-005
   5.4052728228271025E-003   1.2450901875134422E-004   1.2450901875134422E-004   7.0298083176746693E-009   1.2451604855966191E-004
   5.9684407897293550E-003   1.7878001946197591E-004   1.7878001946197591E-004   9.4639019263149543E-009   1.7878948336390223E-004
   6.5902848728001144E-003   2.5582411470116175E-004   2.5582411470116175E-004   1.2740782129702098E-008   2.5583685548329147E-004
   7.2769178077578519E-003   3.6466159124862017E-004   3.6466159124862017E-004   1.7152251350218823E-008   3.6467874349997037E-004
   8.0350907519459707E-003   5.1758764139259335E-004   5.1758764139259335E-004   2.3091130182750382E-008   5.1761073252277611E-004
   8.8722556829452532E-003   7.3129794740179439E-004   7.3129794740179439E-004   3.1086208786174210E-008   7.3132903361058054E-004
   9.7966445609927195E-003   1.0279715192809482E-003   1.0279715192809482E-003   4.1849366387761807E-008   1.0280133686473359E-003
   1.0817344300448895E-002   1.4368716743860389E-003   1.4368716743860389E-003   5.6338865370759615E-008   1.4369280132514096E-003
   1.1944388970732692E-002   1.9958903480057264E-003   1.9958903480057264E-003   7.5844635576764905E-008   1.9959661926413031E-003
   1.3188858516514300E-002   2.7529074376928882E-003   2.7529074376928882E-003   1.0210306341010078E-007   2.7530095407562981E-003
   1.4562988653779026E-002   3.7676815034105734E-003   3.7676815034105734E-003   1.3745143835284106E-007   3.7678189548489261E-003
   1.6080286353826523E-002   5.1112356554606142E-003   5.1112356554606142E-003   1.8503567002159647E-007   5.1114206911306356E-003
   1.7755670472979553E-002   6.8663894200754272E-003   6.8663894200754272E-003   2.4909013611699545E-007   6.8666385102115444E-003
   1.9605610519647595E-002   9.1245112815233551E-003   9.1245112815233551E-003   3.3531368839647456E-007   9.1248465952117521E-003
   2.1648293361067772E-002   1.1978853855397870E-002   1.1978853855397870E-002   4.5137586906681719E-007   1.1979305231266937E-002
   2.3903800174593925E-002   1.5523375154639002E-002   1.5523375154639002E-002   6.0759755484094705E-007   1.5523982752193842E-002
   2.6394305750727654E-002   1.9838900367253946E-002   1.9838900367253946E-002   8.1786628658326671E-007   1.9839718233540530E-002
   2.9144294559955593E-002   2.5003044920263104E-002   2.5003044920263104E-002   1.1008667605016250E-006   2.5004145787023604E-002
   3.2180801033973701E-002   3.1102281985975068E-002   3.1102281985975068E-002   1.4817341536551104E-006   3.1103763720128724E-002
   3.5533674061298370E-002   3.8270836203364869E-002   3.8270836203364869E-002   1.9942753670336956E-006   3.8272830478731902E-002
   3.9235882461071007E-002   4.6786015863420731E-002   4.6786015863420731E-002   2.6839540130718919E-006   4.6788699817433804E-002
   4.3323814868927002E-002   5.7163993641080220E-002   5.7163993641080220E-002   3.6118892870525341E-006   5.7167605530367274E-002
   4.7656197100877769E-002   6.9677964998447819E-002   6.9677964998447819E-002   4.8052260221560767E-006   6.9682770224469975E-002
   5.1988579332828529E-002   8.4333848280652088E-002   8.4333848280652088E-002   6.2353714887607562E-006   8.4340083652140851E-002
   5.6320961564779275E-002  0.10124271880392625       0.10124271880392625        7.9234276588087636E-006  0.10125064223158506     
   6.0653343796730055E-002  0.12026785907003010       0.12026785907003010        9.8903886236718158E-006  0.12027774945865377     
   6.4985722303390517E-002  0.14096081090549048       0.14096081090549048        1.2157129473529636E-005  0.14097296803496401     
   6.9318108260631561E-002  0.16242200039482599       0.16242200039482599        1.4744410098392150E-005  0.16243674480492437     
   7.3650486767292023E-002  0.18330287068980808       0.18330287068980808        1.7672843558153904E-005  0.18332054353336624     
   7.7982872724533067E-002  0.20244311329644990       0.20244311329644990        2.0962924390300200E-005  0.20246407622084020     
   8.2315251231193529E-002  0.21935023086559180       0.21935023086559180        2.4634980308012654E-005  0.21937486584589982     
   8.6647629737854004E-002  0.23418642747386315       0.23418642747386315        2.8709205583348270E-005  0.23421513667944649     
   9.0980015695095062E-002  0.24759020989242092       0.24759020989242092        3.3205637542307106E-005  0.24762341552996323     
   9.6368782222270966E-002  0.26394235649136738       0.26394235649136738        3.9417583675103352E-005  0.26398177407504247     
  0.10175754129886626       0.28229861817622254       0.28229861817622254        4.6351302798332358E-005  0.28234496947902088     
  0.10714630782604216       0.30520348194496050       0.30520348194496050        5.4044264825283887E-005  0.30525752620978580     
  0.11253507435321806       0.33384126238363576       0.33384126238363576        6.2533474707679787E-005  0.33390379585834346     
  0.11792384088039397       0.36765375604908113       0.36765375604908113        7.1855498315993066E-005  0.36772561154739714     
  0.12331259995698926       0.40428898189778728       0.40428898189778728        8.2046442426902277E-005  0.40437102834021416     
  0.12870137393474582       0.44039357515118643       0.44039357515118643        9.3141990066514227E-005  0.44048671714125293     
  0.13409014046192172       0.47277686584344186       0.47277686584344186        1.0517727380438745E-004  0.47288204311724624     
  0.13947889208793640       0.49946249728803044       0.49946249728803044        1.1818697389944862E-004  0.49958068426192986     
  0.14486765861511230       0.51977125827024728       0.51977125827024728        1.3220535391184505E-004  0.51990346362415918     
  0.15025642514228821       0.53504742173672915       0.53504742173672915        1.4726610776097493E-004  0.53519468784449009     
  0.15564519166946411       0.54824729931227267       0.54824729931227267        1.6340245109701978E-004  0.54841070176336970     
  0.16103395819664001       0.56327204718629709       0.56327204718629709        1.8064710999488587E-004  0.56345269429629197     
  0.16642272472381592       0.58285640989217535       0.58285640989217535        1.9903232522024787E-004  0.58305544221739558     
  0.17181149125099179       0.60980881907460682       0.60980881907460682        2.1858981299905693E-004  0.61002740888760587     
  0.17720025777816775       0.64241304427115864       0.64241304427115864        2.3935081918280239E-004  0.64265239509034144     
  0.18258900940418243       0.67928968744861096       0.67928968744861096        2.6134603550902354E-004  0.67955103348411994     
  0.18797777593135831       0.71754312652400976       0.71754312652400976        2.8460583605449956E-004  0.71782773236006425     
  0.19336654245853424       0.75375906019309291       0.75375906019309291        3.0915994462182682E-004  0.75406822013771468     
  0.19875530898571014       0.78502028592405537       0.78502028592405537        3.3503764748596339E-004  0.78535532357154136     
  0.20414407551288605       0.80934766712763506       0.80934766712763506        3.6226778246430184E-004  0.80970993491009935     
  0.20953284204006195       0.82734553077016459       0.82734553077016459        3.9087870195508260E-004  0.82773640947211968     
  0.21492160856723788       0.84173089821017844       0.84173089821017844        4.2089830236598675E-004  0.84215179651254446     
  0.22031037509441379       0.85532341268997292       0.85532341268997292        4.5235403467629252E-004  0.85577576672464917     
  0.22569914162158966       0.87101069960264632       0.87101069960264632        4.8527295090661140E-004  0.87149597255355293     
  0.23108789324760434       0.89105126912427779       0.89105126912427779        5.1968148021040500E-004  0.89157095060448821     
  0.23647665977478027       0.91645225769156324       0.91645225769156324        5.5560604141640605E-004  0.91700786373297960     
  0.24186542630195618       0.94677878963814932       0.94677878963814932        5.9307220894218814E-004  0.94737186184709155     
  0.24725419282913208       0.98034438973966342       0.98034438973966342        6.3210542610305507E-004  0.98097649516576646     
  0.25264295935630798        1.0145890298467031        1.0145890298467031        6.7273059424796677E-004   1.0152617604409511     
  0.25803172588348389        1.0467727777205489        1.0467727777205489        7.1497234050387252E-004   1.0474877500610527     
  0.26342049241065979        1.0749034418314152        1.0749034418314152        7.5885484614014005E-004   1.0756622966775553     
  0.26880925893783575        1.0983066306660305        1.0983066306660305        8.0440200770468386E-004   1.0991110326737352     
  0.27419802546501160        1.1175289003887776        1.1175289003887776        8.5163728632173372E-004   1.1183805376750993     
  0.27958679199218750        1.1338481706679551        1.1338481706679551        9.0058395475731731E-004   1.1347487546227124     
  0.28497555851936335        1.1491297116042511        1.1491297116042511        9.5126480555733227E-004   1.1500809764098086     
  0.29036432504653931        1.1659862789943718        1.1659862789943718        1.0037024087605235E-003   1.1669899814031324     
  0.29575309157371527        1.1857952980535698        1.1857952980535698        1.0579189957424442E-003   1.1868532170493122     
  0.30114182829856878        1.2089257564702796        1.2089257564702796        1.1139362107938540E-003   1.2100396926810735     
  0.30653059482574463        1.2351547437414043        1.2351547437414043        1.1717763569295415E-003   1.2363265200983338     
  0.31191936135292053        1.2638212637930275        1.2638212637930275        1.2314606263899958E-003   1.2650527244194174     
  0.31730812788009644        1.2927227598200699        1.2927227598200699        1.2930100500543351E-003   1.2940157698701242     
  0.32269689440727234        1.3204665643309015        1.3204665643309015        1.3564456336395395E-003   1.3218230099645409     
  0.32808566093444824        1.3464101295884126        1.3464101295884126        1.4217878956599903E-003   1.3478319174840725     
  0.33347442746162415        1.3690274956531248        1.3690274956531248        1.4890574828355654E-003   1.3705165531359604     
  0.33886319398880005        1.3885954860811112        1.3885954860811112        1.5582744496093447E-003   1.3901537605307206     
  0.34425196051597590        1.4067668355348699        1.4067668355348699        1.6294587854703271E-003   1.4083962943203403     
  0.34964072704315191        1.4239372003151645        1.4239372003151645        1.7026304632080504E-003   1.4256398307783724     
  0.35502949357032781        1.4420353881216854        1.4420353881216854        1.7778089500402891E-003   1.4438131970717256     
  0.36041826009750366        1.4613412213980428        1.4613412213980428        1.8550135619178961E-003   1.4631962349599608     
  0.36580702662467957        1.4820261036176436        1.4820261036176436        1.9342637780803962E-003   1.4839603673957240     
  0.37119579315185547        1.5053200583193631        1.5053200583193631        2.0155785546471594E-003   1.5073356368740103     
  0.37658455967903137        1.5293116331819052        1.5293116331819052        2.0989767300194245E-003   1.5314106099119247     
  0.38197332620620728        1.5541355601555460        1.5541355601555460        2.1844768753040049E-003   1.5563200370308501     
  0.38736209273338318        1.5781312182450280        1.5781312182450280        2.2720979794568241E-003   1.5804033162244848     
  0.39275082945823669        1.6014611795467015        1.6014611795467015        2.3618575772261525E-003   1.6038230371239277     
  0.39813959598541260        1.6227483121000947        1.6227483121000947        2.4537750539268669E-003   1.6252020871540216     
  0.40352836251258850        1.6428089484134341        1.6428089484134341        2.5478681555455760E-003   1.6453568165689796     
  0.40891712903976440        1.6617980073751835        1.6617980073751835        2.6441549121535820E-003   1.6644421622873371     
  0.41430589556694031        1.6800450753779654        1.6800450753779654        2.7426530916667205E-003   1.6827877284696322     
  0.41969466209411621        1.6982205395928820        1.6982205395928820        2.8433801752116633E-003   1.7010639197680937     
  0.42508342862129211        1.7171444777437443        1.7171444777437443        2.9463542573311238E-003   1.7200908320010755     
  0.43047219514846802        1.7366313941130465        1.7366313941130465        3.0515927488531064E-003   1.7396829868618995     
  0.43586096167564392        1.7572543154610030        1.7572543154610030        3.1591127607395308E-003   1.7604134282217425     
  0.44124972820281982        1.7783457148013966        1.7783457148013966        3.2689315907363614E-003   1.7816146463921330     
  0.44663849472999573        1.7998638518417278        1.7998638518417278        3.3810667841952980E-003   1.8032449186259232     
  0.45202726125717163        1.8211289057685944        1.8211289057685944        3.4955350830579955E-003   1.8246244408516523     
  0.45741602778434753        1.8422665325831018        1.8422665325831018        3.6123534483673576E-003   1.8458788860314692     
  0.46280479431152344        1.8623012067440134        1.8623012067440134        3.7315388236898186E-003   1.8660327455677033     
  0.46819356083869934        1.8820029065863897        1.8820029065863897        3.8531078388920393E-003   1.8858560144252818     
  0.47358232736587524        1.9005969546005357        1.9005969546005357        3.9770774113823543E-003   1.9045740320119180     
  0.47897109389305115        1.9189507765263312        1.9189507765263312        4.1034638177162089E-003   1.9230542403440474     
  0.48435983061790466        1.9371989572447945        1.9371989572447945        4.2322828428262944E-003   1.9414312400876208     
  0.48974859714508057        1.9554033069967063        1.9554033069967063        4.3635526022243612E-003   1.9597668595989306     
  0.49513736367225647        1.9740790563789155        1.9740790563789155        4.4972881796878153E-003   1.9785763445586033     
  0.50052613019943237        1.9928341471091802        1.9928341471091802        4.6335061122029942E-003   1.9974676532213831     
  0.50591492652893066        2.0120876098776392        2.0120876098776392        4.7722234251847640E-003   2.0168598333028238     
  0.51130366325378418        2.0314938784355578        2.0314938784355578        4.9134533651272912E-003   2.0364073318006852     
  0.51669245958328247        2.0508009501049860        2.0508009501049860        5.0572154869834617E-003   2.0558581655919697     
  0.52208119630813599        2.0700407231047433        2.0700407231047433        5.2035220590312715E-003   2.0752442451637747     
  0.52746993303298950        2.0889201542711131        2.0889201542711131        5.3523905095197895E-003   2.0942725447806327     
  0.53285872936248779        2.1073745794701675        2.1073745794701675        5.5038383762628902E-003   2.1128784178464302     
  0.53824746608734131        2.1256544641307848        2.1256544641307848        5.6578781484121774E-003   2.1313123422791969     
  0.54363626241683960        2.1434320513870597        2.1434320513870597        5.8145283013987178E-003   2.1492465796884583     
  0.54902499914169312        2.1611805718524399        2.1611805718524399        5.9738011801785777E-003   2.1671543730326186     
  0.55441379547119141        2.1788209172889057        2.1788209172889057        6.1357158208018171E-003   2.1849566331097074     
  0.55980253219604492        2.1964297368617425        2.1964297368617425        6.3002834357029384E-003   2.2027300202974454     
  0.56519132852554321        2.2142213437423943        2.2142213437423943        6.4675231178227752E-003   2.2206888668602169     
  0.57058006525039673        2.2321018253515645        2.2321018253515645        6.6374470010533843E-003   2.2387392723526180     
  0.57596886157989502        2.2499722840800978        2.2499722840800978        6.8100731992834160E-003   2.2567823572793810     
  0.58135759830474854        2.2678589842908465        2.2678589842908465        6.9854131377438617E-003   2.2748443974285903     
  0.58674639463424683        2.2857210778486352        2.2857210778486352        7.1634855301444013E-003   2.2928845633787795     
  0.59213513135910034        2.3033295366028814        2.3033295366028814        7.3443010458777349E-003   2.3106738376487592     
  0.59752392768859863        2.3208693890898746        2.3208693890898746        7.5278797258415643E-003   2.3283972688157162     
  0.60291266441345215        2.3382272486739337        2.3382272486739337        7.7142308236597072E-003   2.3459414794975935     
  0.60830146074295044        2.3552774534938141        2.3552774534938141        7.9033745067089434E-003   2.3631808280005231     
  0.61369019746780396        2.3722997770255811        2.3722997770255811        8.0953197771119270E-003   2.3803950968026930     
  0.61907899379730225        2.3891964808608215        2.3891964808608215        8.2900869459041644E-003   2.3974865678067259     
  0.62446773052215576        2.4060431154287154        2.4060431154287154        8.4876855091318912E-003   2.4145308009378472     
  0.62985646724700928        2.4228559296410488        2.4228559296410488        8.6881312659520798E-003   2.4315440609070009     
  0.68127381801605225        2.5809325995924097        2.5809325995924097        1.0746703689536946E-002   2.5916793032819467     
  0.73688852787017822        2.7446209060446374        2.7446209060446374        1.3280778679468275E-002   2.7579016847241058     
  0.79704326391220093        2.9141006397131859        2.9141006397131859        1.6398180377749438E-002   2.9304988200909352     
  0.86210858821868896        3.0895509260690130        3.0895509260690130        2.0230891392486631E-002   3.1097818174614997     
  0.93248546123504639        3.2707297578312904        3.2707297578312904        2.4940437973590204E-002   3.2956701958048806     
   1.0086073875427246        3.4579294248897630        3.4579294248897630        3.0724442864171902E-002   3.4886538677539347     
   1.0909434556961060        3.6508426106380445        3.6508426106380445        3.7824675046837598E-002   3.6886672856848821     
   1.1800009012222290        3.8496018801058196        3.8496018801058196        4.6536829519808261E-002   3.8961387096256277     
   1.2763283252716064        4.0542142494440352        4.0542142494440352        5.7222523239004751E-002   4.1114367726830396     
   1.3805193901062012        4.2645769613114748        4.2645769613114748        7.0323989890319821E-002   4.3349009512017949     
   1.4932159185409546        4.4806507041162851        4.4806507041162851        8.6381934885571374E-002   4.5670326390018561     
   1.6151121854782104        4.7024870178732483        4.7024870178732483       0.10605746957008810        4.8085444874433367     
   1.7469592094421387        4.9300202252674676        4.9300202252674676       0.13015895745067055        5.0601791827181382     
   1.8895695209503174        5.1631695902335419        5.1631695902335419       0.15967488091426393        5.3228444711478060     
   1.9711295366287231        5.2910704901302141        5.2910704901302141       0.17822563646815801        5.4692961265983717     
   2.4582746028900146        5.9858040848268272        5.9858040848268272       0.31608023840452643        6.3018843232313539     
   3.0658125877380367        6.7240239812868747        6.7240239812868747       0.55947595732244204        7.2834999386093164     
   3.8234977722167969        7.5048164418741647        7.5048164418741647       0.98912230264695800        8.4939387445211221     
   4.7684373855590820        8.3270934962212646        8.3270934962212646        1.7478863765314390        10.074979872752703     
   5.9469089508056632        9.1897454212493646        9.1897454212493646        3.0891395620849833        12.278884983334347     
   7.4166288375854492        10.091761379958244        10.091761379958244        5.4629730098531946        15.554734389811440     
   9.2495746612548828        11.031971084246077        11.031971084246077        9.6700371484566663        20.702008232702745     
   11.535514831542971        12.009168885676571        12.009168885676571        17.136217229842330        29.145386115518903     
   14.386403083801270        13.022065650302986        13.022065650302986        30.403372311432353        43.425437961735341     
   17.941860198974609        14.069214289545144        14.069214289545144        54.007648456242805        68.076862745787949     
   22.376010894775387        15.149111426577273        15.149111426577273        96.051039298325790        111.20015072490307     
   27.906021118164059        16.259861422167241        16.259861422167241        171.01061596539213        187.27047738755937     
   34.802715301513665        17.399013561621512        17.399013561621512        304.77197285532003        322.17098641694156     
   43.403861999511719        18.563254315665304        18.563254315665304        543.62756297364092        562.19081728930621     
   54.130695343017578        19.747765811544703        19.747765811544703        970.38456338939943        990.13232920094413     
   67.508560180664062        20.945597615276849        20.945597615276849        1733.1626515426065        1754.1082491578834     
   84.192626953125000        22.146017302015942        22.146017302015942        3096.8679040915526        3119.0139213935686     
   104.99999237060543        23.333533809578324        23.333533809578324        5535.1135052350683        5558.4470390446468     
