   1.0497607945580963E-005   3.1663939435455557E-015   3.1663939435455557E-015   4.0933753995867504E-017   3.2073276975414231E-015
   1.1591339898586732E-005   4.6756130135445553E-015   4.6756130135445553E-015   5.5303148287457165E-017   4.7309161618320126E-015
   1.2799026990251152E-005   6.9041824179474443E-015   6.9041824179474443E-015   7.4642255716354214E-017   6.9788246736637982E-015
   1.4132539945421730E-005   1.0194965750887974E-014   1.0194965750887974E-014   1.0094886328970951E-016   1.0295914614177684E-014
   1.5604990039719259E-005   1.5054256581260887E-014   1.5054256581260887E-014   1.3604122772323981E-016   1.5190297808984128E-014
   1.7230853700311858E-005   2.2229666902367325E-014   2.2229666902367325E-014   1.8356039059262026E-016   2.2413227292959945E-014
   1.9026114387088472E-005   3.2825143435019196E-014   3.2825143435019196E-014   2.4783168254708032E-016   3.3072975117566275E-014
   2.1008419935242280E-005   4.8470804000125114E-014   4.8470804000125114E-014   3.3467820820027737E-016   4.8805482208325393E-014
   2.3197258997242881E-005   7.1573753815652166E-014   7.1573753815652166E-014   4.5169779599452298E-016   7.2025451611646687E-014
   2.5614152036723674E-005   1.0568843940026277E-013   1.0568843940026277E-013   6.1050585993892914E-016   1.0629894526020170E-013
   2.8282855055294934E-005   1.5606337374111267E-013   1.5606337374111267E-013   8.2282888986129489E-016   1.5688620263097396E-013
   3.1229610613081618E-005   2.3044894257171680E-013   2.3044894257171680E-013   1.1099529072962630E-015   2.3155889547901306E-013
   3.4483382478356355E-005   3.4028932441025604E-013   3.4028932441025604E-013   1.4981023249337879E-015   3.4178742673518984E-013
   3.8076159398769946E-005   5.0248358454758817E-013   5.0248358454758817E-013   2.0229288857034846E-015   5.0450651343329161E-013
   4.2043262510560433E-005   7.4198549845980654E-013   7.4198549845980654E-013   2.7293933084090610E-015   7.4471489176821557E-013
   4.6423694584518691E-005   1.0956428935596378E-012   1.0956428935596378E-012   3.6879518274834863E-015   1.0993308453871213E-012
   5.1260518375784186E-005   1.6178663574443341E-012   1.6178663574443341E-012   4.9698285490978532E-015   1.6228361859934319E-012
   5.6601285905344405E-005   2.3890008539554086E-012   2.3890008539554086E-012   6.7019984528039027E-015   2.3957028524082124E-012
   6.2498496845364544E-005   3.5276854059516873E-012   3.5276854059516873E-012   9.0451103876810092E-015   3.5367305163393684E-012
   6.9010129664093242E-005   5.2091082120507690E-012   5.2091082120507690E-012   1.2211944030185846E-014   5.2213201560809548E-012
   7.6200209150556434E-005   7.6919615070817480E-012   7.6919615070817480E-012   1.6470516414240694E-014   7.7084320234959890E-012
   8.4139406681060791E-005   1.1358230429134365E-011   1.1358230429134365E-011   2.2186106450292964E-014   1.1380416535584659E-011
   9.2905778728891164E-005   1.6771976738471551E-011   1.6771976738471551E-011   2.9838657310385942E-014   1.6801815395781938E-011
   1.0258550901198752E-004   2.4766113309430904E-011   2.4766113309430904E-011   4.0173039995411053E-014   2.4806286349426314E-011
   1.1327375977998591E-004   3.6570550059241277E-011   3.6570550059241277E-011   5.4086600175695934E-014   3.6624636659416971E-011
   1.2507560313679289E-004   5.4001409739125957E-011   5.4001409739125957E-011   7.2849038650871787E-014   5.4074258777776827E-011
   1.3810706150252369E-004   7.9740445853497331E-011   7.9740445853497331E-011   9.8096435495802106E-014   7.9838542288993129E-011
   1.5249625721480703E-004   1.1774766490658540E-010   1.1774766490658540E-010   1.3207188669508020E-013   1.1787973679328049E-010
   1.6838463488966221E-004   1.7387047822577563E-010   1.7387047822577563E-010   1.7787486397197470E-013   1.7404835308974761E-010
   1.8592840933706603E-004   2.5674350769115146E-010   2.5674350769115146E-010   2.3957762017373199E-013   2.5698308531132521E-010
   2.0530004985630496E-004   3.7911687744855291E-010   3.7911687744855291E-010   3.2257821991210072E-013   3.7943945566846501E-010
   2.2668998281005773E-004   5.5981774885554448E-010   5.5981774885554448E-010   4.3458514840708212E-013   5.6025233400395157E-010
   2.5030851247720415E-004   8.2664733061703965E-010   8.2664733061703965E-010   5.8511041306733387E-013   8.2723244103010700E-010
   2.7638784376904352E-004   1.2206579515262911E-009   1.2206579515262911E-009   7.8745826762259116E-013   1.2214454097939137E-009
   3.0518430867232361E-004   1.8024676594459761E-009   1.8024676594459761E-009   1.0603765959688692E-012   1.8035280360419449E-009
   3.3698105835355824E-004   2.6615895646554083E-009   2.6615895646554083E-009   1.4275161779146611E-012   2.6630170808333228E-009
   3.7209066795185214E-004   3.9302002834038267E-009   3.9302002834038267E-009   1.9220679052776459E-012   3.9321223513091045E-009
   4.1085830889642222E-004   5.8034775941609064E-009   5.8034775941609064E-009   2.5879857402615087E-012   5.8060655799011682E-009
   4.5366509584710002E-004   8.5696271488151029E-009   8.5696271488151029E-009   3.4842151947366905E-012   8.5731113640098389E-009
   5.0093187019228914E-004   1.2654225143744793E-008   1.2654225143744793E-008   4.6907282298025484E-012   1.2658915871974595E-008
   5.5312330368906249E-004   1.8685691478915413E-008   1.8685691478915413E-008   6.3150392541081542E-012   1.8692006518169522E-008
   6.1075249686837186E-004   2.7591975672057125E-008   2.7591975672057125E-008   8.5019907555288367E-012   2.7600477662812654E-008
   6.7438598489388834E-004   4.0743317103544029E-008   4.0743317103544029E-008   1.1446251249932395E-011   4.0754763354793961E-008
   7.4464938370510947E-004   6.0163074437298346E-008   6.0163074437298346E-008   1.5408298726029556E-011   6.0178482736024382E-008
   8.2223338540643454E-004   8.8838978517654688E-008   8.8838978517654688E-008   2.0745625556667948E-011   8.8859724143211362E-008
   9.0790080139413443E-004   1.3118288341652709E-007   1.3118288341652709E-007   2.7929034436448585E-011   1.3121081245096355E-007
   1.0024937801063061E-003   1.9370943167071582E-007   1.9370943167071582E-007   3.7600816339897642E-011   1.9374703248705573E-007
   1.1069423053413627E-003   2.8597592264983240E-007   2.8597592264983240E-007   5.0620348726942862E-011   2.8602654299855934E-007
   1.2222731020301583E-003   4.2195134428645156E-007   4.2195134428645156E-007   6.8148473767848055E-011   4.2201949276021940E-007
   1.3496201718226077E-003   6.2217228668753823E-007   6.2217228668753823E-007   9.1746134259808109E-011   6.2226403282179807E-007
   1.4902353286743162E-003   9.1672313663377082E-007   9.1672313663377082E-007   1.2351457802539927E-010   9.1684665121179623E-007
   1.6455008881166577E-003   1.3495899124673748E-006   1.3495899124673748E-006   1.6628580817850272E-010   1.3497561982755533E-006
   1.8169435206800699E-003   1.9849510902938428E-006   1.9849510902938428E-006   2.2386188206703653E-010   1.9851749521759099E-006
   2.0062483381479974E-003   2.9163233376076976E-006   2.9163233376076976E-006   3.0137895642938955E-010   2.9166247165641269E-006
   2.2152769379317752E-003   4.2795214215816846E-006   4.2795214215816846E-006   4.0573523344597419E-010   4.2799271568151304E-006
   2.4460835848003626E-003   6.2714993350305777E-006   6.2714993350305777E-006   5.4622880237458378E-010   6.2720455638329523E-006
   2.7009379118680945E-003   9.1769721345771406E-006   9.1769721345771406E-006   7.3536562557382488E-010   9.1777075002027144E-006
   2.9823449440300460E-003   1.3406060892270862E-005   1.3406060892270862E-005   9.8999508190217057E-010   1.3407050887352765E-005
   3.2930714078247538E-003   1.9548506507712488E-005   1.9548506507712488E-005   1.3327918683975764E-009   1.9549839299580887E-005
   3.6361722741276017E-003   2.8447484375687245E-005   2.8447484375687245E-005   1.7942799526319850E-009   2.8449278655639878E-005
   4.0150200948119172E-003   4.1306155053201758E-005   4.1306155053201758E-005   2.4155616390483330E-009   4.1308570614840804E-005
   4.4333399273455134E-003   5.9832209597835086E-005   5.9832209597835086E-005   3.2519690191324506E-009   5.9835461566854221E-005
   4.8952437937259674E-003   8.6435729918857380E-005   8.6435729918857380E-005   4.3779875521950327E-009   8.6440107906409576E-005
   5.4052728228271025E-003   1.2450901875134422E-004   1.2450901875134422E-004   5.8938788681202987E-009   1.2451491263021234E-004
   5.9684407897293550E-003   1.7878001946197591E-004   1.7878001946197591E-004   7.9346418417588082E-009   1.7878795410381767E-004
   6.5902848728001144E-003   2.5582411470116175E-004   2.5582411470116175E-004   1.0682008035080075E-008   2.5583479670919680E-004
   7.2769178077578519E-003   3.6466159124862017E-004   3.6466159124862017E-004   1.4380600374945493E-008   3.6467597184899512E-004
   8.0350907519459707E-003   5.1758764139259335E-004   5.1758764139259335E-004   1.9359771215401017E-008   5.1760700116380875E-004
   8.8722556829452532E-003   7.3129794740179439E-004   7.3129794740179439E-004   2.6062832332827137E-008   7.3132401023412723E-004
   9.7966445609927195E-003   1.0279715192809482E-003   1.0279715192809482E-003   3.5086597609613631E-008   1.0280066058785578E-003
   1.0817344300448895E-002   1.4368716743860389E-003   1.4368716743860389E-003   4.7234445969075695E-008   1.4369189088320081E-003
   1.1944388970732692E-002   1.9958903480057264E-003   1.9958903480057264E-003   6.3587740471125744E-008   1.9959539357461975E-003
   1.3188858516514300E-002   2.7529074376928882E-003   2.7529074376928882E-003   8.5602159639171547E-008   2.7529930398525275E-003
   1.4562988653779026E-002   3.7676815034105734E-003   3.7676815034105734E-003   1.1523701294835989E-007   3.7677967404235219E-003
   1.6080286353826523E-002   5.1112356554606142E-003   5.1112356554606142E-003   1.5512946962031046E-007   5.1113907849302349E-003
   1.7755670472979553E-002   6.8663894200754272E-003   6.8663894200754272E-003   2.0882886456924598E-007   6.8665982489399969E-003
   1.9605610519647595E-002   9.1245112815233551E-003   9.1245112815233551E-003   2.8111209143354658E-007   9.1247923936147880E-003
   2.1648293361067772E-002   1.1978853855397870E-002   1.1978853855397870E-002   3.7840731098302736E-007   1.1979232262708852E-002
   2.3903800174593925E-002   1.5523375154639002E-002   1.5523375154639002E-002   5.0936438826372258E-007   1.5523884519027266E-002
   2.6394305750727654E-002   1.9838900367253946E-002   1.9838900367253946E-002   6.8562144967006175E-007   1.9839585988703615E-002
   2.9144294559955593E-002   2.5003044920263104E-002   2.5003044920263104E-002   9.2283491331412926E-007   2.5003967755176416E-002
   3.2180801033973701E-002   3.1102281985975068E-002   3.1102281985975068E-002   1.2420639131046084E-006   3.1103524049888174E-002
   3.5533674061298370E-002   3.8270836203364869E-002   3.8270836203364869E-002   1.6716286058378157E-006   3.8272507831970705E-002
   3.9235882461071007E-002   4.6786015863420731E-002   4.6786015863420731E-002   2.2496070227077527E-006   4.6788265470443437E-002
   4.3323814868927002E-002   5.7163993641080220E-002   5.7163993641080220E-002   3.0271777932246084E-006   5.7167020818873447E-002
   4.7656197100877769E-002   6.9677964998447819E-002   6.9677964998447819E-002   4.0270276053758605E-006   6.9681992026053199E-002
   5.1988579332828529E-002   8.4333848280652088E-002   8.4333848280652088E-002   5.2251337786373649E-006   8.4339073414430726E-002
   5.6320961564779275E-002  0.10124271880392625       0.10124271880392625        6.6391038869632717E-006  0.10124935790781321     
   6.0653343796730055E-002  0.12026785907003010       0.12026785907003010        8.2864420101478806E-006  0.12027614551204024     
   6.4985722303390517E-002  0.14096081090549048       0.14096081090549048        1.0184535348438620E-005  0.14097099544083891     
   6.9318108260631561E-002  0.16242200039482599       0.16242200039482599        1.2350659378273630E-005  0.16243435105420426     
   7.3650486767292023E-002  0.18330287068980808       0.18330287068980808        1.4801949673169105E-005  0.18331767263948126     
   7.7982872724533067E-002  0.20244311329644990       0.20244311329644990        1.7555423709790178E-005  0.20246066872015969     
   8.2315251231193529E-002  0.21935023086559180       0.21935023086559180        2.0627941800503874E-005  0.21937085880739229     
   8.6647629737854004E-002  0.23418642747386315       0.23418642747386315        2.4036230053938564E-005  0.23421046370391707     
   9.0980015695095062E-002  0.24759020989242092       0.24759020989242092        2.7796867973922292E-005  0.24761800676039483     
   9.6368782222270966E-002  0.26394235649136738       0.26394235649136738        3.2990911914649514E-005  0.26397534740328205     
  0.10175754129886626       0.28229861817622254       0.28229861817622254        3.8786685519644506E-005  0.28233740486174219     
  0.10714630782604216       0.30520348194496050       0.30520348194496050        4.5215041477895561E-005  0.30524869698643842     
  0.11253507435321806       0.33384126238363576       0.33384126238363576        5.2306384867524830E-005  0.33389356876850329     
  0.11792384088039397       0.36765375604908113       0.36765375604908113        6.0090720373035538E-005  0.36771384676945418     
  0.12331259995698926       0.40428898189778728       0.40428898189778728        6.8597597710810839E-005  0.40435757949549811     
  0.12870137393474582       0.44039357515118643       0.44039357515118643        7.7856176897661092E-005  0.44047143132808408     
  0.13409014046192172       0.47277686584344186       0.47277686584344186        8.7895099499930130E-005  0.47286476094294178     
  0.13947889208793640       0.49946249728803044       0.49946249728803044        9.8742562664690364E-005  0.49956123985069512     
  0.14486765861511230       0.51977125827024728       0.51977125827024728        1.1042638956312422E-004  0.51988168465981044     
  0.15025642514228821       0.53504742173672915       0.53504742173672915        1.2297387015549485E-004  0.53517039560688462     
  0.15564519166946411       0.54824729931227267       0.54824729931227267        1.3641184391985858E-004  0.54838371115619255     
  0.16103395819664001       0.56327204718629709       0.56327204718629709        1.5076670895521410E-004  0.56342281389525228     
  0.16642272472381592       0.58285640989217535       0.58285640989217535        1.6606437921237160E-004  0.58302247427138776     
  0.17181149125099179       0.60980881907460682       0.60980881907460682        1.8233033454872135E-004  0.60999114940915555     
  0.17720025777816775       0.64241304427115864       0.64241304427115864        1.9958960424761916E-004  0.64261263387540624     
  0.18258900940418243       0.67928968744861096       0.67928968744861096        2.1786671898840261E-004  0.67950755416759934     
  0.18797777593135831       0.71754312652400976       0.71754312652400976        2.3718588764382102E-004  0.71778031241165363     
  0.19336654245853424       0.75375906019309291       0.75375906019309291        2.5757076385521166E-004  0.75401663095694815     
  0.19875530898571014       0.78502028592405537       0.78502028592405537        2.7904465259675750E-004  0.78529933057665213     
  0.20414407551288605       0.80934766712763506       0.80934766712763506        3.0163037744080230E-004  0.80964929750507586     
  0.20953284204006195       0.82734553077016459       0.82734553077016459        3.2535037319148961E-004  0.82767088114335607     
  0.21492160856723788       0.84173089821017844       0.84173089821017844        3.5022673775832245E-004  0.84208112494793674     
  0.22031037509441379       0.85532341268997292       0.85532341268997292        3.7628107476451040E-004  0.85569969376473742     
  0.22569914162158966       0.87101069960264632       0.87101069960264632        4.0353467008171179E-004  0.87141423427272802     
  0.23108789324760434       0.89105126912427779       0.89105126912427779        4.3200833533468022E-004  0.89148327745961242     
  0.23647665977478027       0.91645225769156324       0.91645225769156324        4.6172286189305700E-004  0.91691398055345630     
  0.24186542630195618       0.94677878963814932       0.94677878963814932        4.9269827634219616E-004  0.94727148791449156     
  0.24725419282913208       0.98034438973966342       0.98034438973966342        5.2495452227007593E-004  0.98086934426193351     
  0.25264295935630798        1.0145890298467031        1.0145890298467031        5.5851111598752788E-004   1.0151475409626907     
  0.25803172588348389        1.0467727777205489        1.0467727777205489        5.9338738001112306E-004   1.0473661651005599     
  0.26342049241065979        1.0749034418314152        1.0749034418314152        6.2960216409638616E-004   1.0755330439955115     
  0.26880925893783575        1.0983066306660305        1.0983066306660305        6.6717426817820130E-004   1.0989738049342088     
  0.27419802546501160        1.1175289003887776        1.1175289003887776        7.0612197248681112E-004   1.1182350223612645     
  0.27958679199218750        1.1338481706679551        1.1338481706679551        7.4646349705937104E-004   1.1345946341650144     
  0.28497555851936335        1.1491297116042511        1.1491297116042511        7.8821672964267397E-004   1.1499179283338938     
  0.29036432504653931        1.1659862789943718        1.1659862789943718        8.3139935751683713E-004   1.1668176783518887     
  0.29575309157371527        1.1857952980535698        1.1857952980535698        8.7602881177741053E-004   1.1866713268653473     
  0.30114182829856878        1.2089257564702796        1.2089257564702796        9.2212199518436409E-004   1.2098478784654638     
  0.30653059482574463        1.2351547437414043        1.2351547437414043        9.6969662930555681E-004   1.2361244403707099     
  0.31191936135292053        1.2638212637930275        1.2638212637930275        1.0187691578444279E-003   1.2648400329508720     
  0.31730812788009644        1.2927227598200699        1.2927227598200699        1.0693563231213880E-003   1.2937921161431913     
  0.32269689440727234        1.3204665643309015        1.3204665643309015        1.1214745658149109E-003   1.3215880388967165     
  0.32808566093444824        1.3464101295884126        1.3464101295884126        1.1751403177759061E-003   1.3475852699061885     
  0.33347442746162415        1.3690274956531248        1.3690274956531248        1.2303697147820511E-003   1.3702578653679067     
  0.33886319398880005        1.3885954860811112        1.3885954860811112        1.2871789183358038E-003   1.3898826649994469     
  0.34425196051597590        1.4067668355348699        1.4067668355348699        1.3455836730805030E-003   1.4081124192079504     
  0.34964072704315191        1.4239372003151645        1.4239372003151645        1.4055998881917454E-003   1.4253428002033561     
  0.35502949357032781        1.4420353881216854        1.4420353881216854        1.4672431768844342E-003   1.4435026312985699     
  0.36041826009750366        1.4613412213980428        1.4613412213980428        1.5305292417853588E-003   1.4628717506398281     
  0.36580702662467957        1.4820261036176436        1.4820261036176436        1.5954734842895924E-003   1.4836215771019332     
  0.37119579315185547        1.5053200583193631        1.5053200583193631        1.6620912702485148E-003   1.5069821495896116     
  0.37658455967903137        1.5293116331819052        1.5293116331819052        1.7303977885216135E-003   1.5310420309704269     
  0.38197332620620728        1.5541355601555460        1.5541355601555460        1.8004083727639112E-003   1.5559359685283098     
  0.38736209273338318        1.5781312182450280        1.5781312182450280        1.8721382053499039E-003   1.5800033564503779     
  0.39275082945823669        1.6014611795467015        1.6014611795467015        1.9456016757166473E-003   1.6034067812224182     
  0.39813959598541260        1.6227483121000947        1.6227483121000947        2.0208148467869428E-003   1.6247691269468816     
  0.40352836251258850        1.6428089484134341        1.6428089484134341        2.0977921309429425E-003   1.6449067405443769     
  0.40891712903976440        1.6617980073751835        1.6617980073751835        2.1765481756780259E-003   1.6639745555508614     
  0.41430589556694031        1.6800450753779654        1.6800450753779654        2.2570980511205981E-003   1.6823021734290859     
  0.41969466209411621        1.6982205395928820        1.6982205395928820        2.3394564569290980E-003   1.7005599960498110     
  0.42508342862129211        1.7171444777437443        1.7171444777437443        2.4236376548213445E-003   1.7195681153985658     
  0.43047219514846802        1.7366313941130465        1.7366313941130465        2.5096568400213887E-003   1.7391410509530678     
  0.43586096167564392        1.7572543154610030        1.7572543154610030        2.5975283355036956E-003   1.7598518437965067     
  0.44124972820281982        1.7783457148013966        1.7783457148013966        2.6872667219604630E-003   1.7810329815233570     
  0.44663849472999573        1.7998638518417278        1.7998638518417278        2.7788863595802566E-003   1.8026427382013082     
  0.45202726125717163        1.8211289057685944        1.8211289057685944        2.8724016319407629E-003   1.8240013074005352     
  0.45741602778434753        1.8422665325831018        1.8422665325831018        2.9678272471242470E-003   1.8452343598302261     
  0.46280479431152344        1.8623012067440134        1.8623012067440134        3.0651774037076607E-003   1.8653663841477210     
  0.46819356083869934        1.8820029065863897        1.8820029065863897        3.1644663196893227E-003   1.8851673729060789     
  0.47358232736587524        1.9005969546005357        1.9005969546005357        3.2657082426886916E-003   1.9038626628432245     
  0.47897109389305115        1.9189507765263312        1.9189507765263312        3.3689177920609870E-003   1.9223196943183922     
  0.48435983061790466        1.9371989572447945        1.9371989572447945        3.4741080121650949E-003   1.9406730652569597     
  0.48974859714508057        1.9554033069967063        1.9554033069967063        3.5812948925924544E-003   1.9589846018892987     
  0.49513736367225647        1.9740790563789155        1.9740790563789155        3.6904915417680104E-003   1.9777695479206834     
  0.50052613019943237        1.9928341471091802        1.9928341471091802        3.8017120611513865E-003   1.9966358591703315     
  0.50591492652893066        2.0120876098776392        2.0120876098776392        3.9149712846629058E-003   2.0160025811623021     
  0.51130366325378418        2.0314938784355578        2.0314938784355578        4.0302817312587134E-003   2.0355241601668164     
  0.51669245958328247        2.0508009501049860        2.0508009501049860        4.1476592314616256E-003   2.0549486093364475     
  0.52208119630813599        2.0700407231047433        2.0700407231047433        4.2671151758245695E-003   2.0743078382805678     
  0.52746993303298950        2.0889201542711131        2.0889201542711131        4.3886652798253104E-003   2.0933088195509386     
  0.53285872936248779        2.1073745794701675        2.1073745794701675        4.5123249860202479E-003   2.1118869044561879     
  0.53824746608734131        2.1256544641307848        2.1256544641307848        4.6381047817542166E-003   2.1302925689125392     
  0.54363626241683960        2.1434320513870597        2.1434320513870597        4.7660211918924521E-003   2.1481980725789520     
  0.54902499914169312        2.1611805718524399        2.1611805718524399        4.8960860598651068E-003   2.1660766579123050     
  0.55441379547119141        2.1788209172889057        2.1788209172889057        5.0283150914207072E-003   2.1838492323803265     
  0.55980253219604492        2.1964297368617425        2.1964297368617425        5.1627201348706893E-003   2.2015924569966132     
  0.56519132852554321        2.2142213437423943        2.2142213437423943        5.2993169786358044E-003   2.2195206607210300     
  0.57058006525039673        2.2321018253515645        2.2321018253515645        5.4381163724647272E-003   2.2375399417240294     
  0.57596886157989502        2.2499722840800978        2.2499722840800978        5.5791352603261780E-003   2.2555514193404238     
  0.58135759830474854        2.2678589842908465        2.2678589842908465        5.7223843668812828E-003   2.2735813686577280     
  0.58674639463424683        2.2857210778486352        2.2857210778486352        5.8678795894798142E-003   2.2915889574381150     
  0.59213513135910034        2.3033295366028814        2.3033295366028814        6.0156321683987914E-003   2.3093451687712800     
  0.59752392768859863        2.3208693890898746        2.3208693890898746        6.1656587132779264E-003   2.3270350478031525     
  0.60291266441345215        2.3382272486739337        2.3382272486739337        6.3179691749020534E-003   2.3445452178488360     
  0.60830146074295044        2.3552774534938141        2.3552774534938141        6.4725802221483686E-003   2.3617500337159627     
  0.61369019746780396        2.3722997770255811        2.3722997770255811        6.6295016725655079E-003   2.3789292786981466     
  0.61907899379730225        2.3891964808608215        2.3891964808608215        6.7887516906018257E-003   2.3959852325514235     
  0.62446773052215576        2.4060431154287154        2.4060431154287154        6.9503386048217763E-003   2.4129934540335372     
  0.62985646724700928        2.4228559296410488        2.4228559296410488        7.1142779489342164E-003   2.4299702075899829     
  0.68127381801605225        2.5809325995924097        2.5809325995924097        8.7994031056287305E-003   2.5897320026980384     
  0.73688852787017822        2.7446209060446374        2.7446209060446374        1.0877748045640540E-002   2.7554986540902777     
  0.79704326391220093        2.9141006397131859        2.9141006397131859        1.3440793055770535E-002   2.9275414327689564     
  0.86210858821868896        3.0895509260690130        3.0895509260690130        1.6601359715033327E-002   3.1061522857840465     
  0.93248546123504639        3.2707297578312904        3.2707297578312904        2.0498624704844644E-002   3.2912283825361350     
   1.0086073875427246        3.4579294248897630        3.4579294248897630        2.5304267134373431E-002   3.4832336920241365     
   1.0909434556961060        3.6508426106380445        3.6508426106380445        3.1230113605774136E-002   3.6820727242438185     
   1.1800009012222290        3.8496018801058196        3.8496018801058196        3.8537534413970884E-002   3.8881394145197903     
   1.2763283252716064        4.0542142494440352        4.0542142494440352        4.7549074855414535E-002   4.1017633242994496     
   1.3805193901062012        4.2645769613114748        4.2645769613114748        5.8662867840787170E-002   4.3232398291522616     
   1.4932159185409546        4.4806507041162851        4.4806507041162851        7.2370322337841714E-002   4.5530210264541271     
   1.6151121854782104        4.7024870178732483        4.7024870178732483        8.9278083178837370E-002   4.7917651010520856     
   1.7469592094421387        4.9300202252674676        4.9300202252674676       0.11013515322900994        5.0401553784964772     
   1.8895695209503174        5.1631695902335419        5.1631695902335419       0.13586639305555001        5.2990359832890919     
   1.9711295366287231        5.2910704901302141        5.2910704901302141       0.15213200662331522        5.4432024967535293     
   2.4582746028900146        5.9858040848268272        5.9858040848268272       0.27476837649781327        6.2605724613246405     
   3.0658125877380367        6.7240239812868747        6.7240239812868747       0.49650668980406287        7.2205306710909376     
   3.8234977722167969        7.5048164418741647        7.5048164418741647       0.89774087109812895        8.4025573129722932     
   4.7684373855590820        8.3270934962212646        8.3270934962212646        1.6243071352845975        9.9514006315058623     
   5.9469089508056632        9.1897454212493646        9.1897454212493646        2.9408704578006435        12.130615879050008     
   7.4166288375854492        10.091761379958244        10.091761379958244        5.3279412196110298        15.419702599569273     
   9.2495746612548828        11.031971084246077        11.031971084246077        9.6581557213929550        20.690126805639032     
   11.535514831542971        12.009168885676571        12.009168885676571        17.516300831957889        29.525469717634458     
   14.386403083801270        13.022065650302986        13.022065650302986        31.780152102151266        44.802217752454254     
   17.941860198974609        14.069214289545144        14.069214289545144        57.676528212484271        71.745742502029415     
   22.376010894775387        15.149111426577273        15.149111426577273        104.69699295892431        119.84610438550159     
   27.906021118164059        16.259861422167241        16.259861422167241        190.06392608615144        206.32378750831867     
   34.802715301513665        17.399013561621512        17.399013561621512        345.02475544731811        362.42376900893964     
   43.403861999511719        18.563254315665304        18.563254315665304        626.21248640069996        644.77574071636525     
   54.130695343017578        19.747765811544703        19.747765811544703        1136.2155299635911        1155.9632957751357     
   67.508560180664062        20.945597615276849        20.945597615276849        2060.7204625796585        2081.6660601949352     
   84.192626953125000        22.146017302015942        22.146017302015942        3735.4119898010326        3757.5580071030486     
   104.99999237060543        23.333533809578324        23.333533809578324        6766.3559642283153        6789.6894980378938     
