   1.0497607945580963E-005   3.1663939435455557E-015   3.1663939435455557E-015   2.1409595785486866E-014   2.4575989729032423E-014
   1.1591339898586732E-005   4.6756130135445553E-015   4.6756130135445553E-015   2.8822944376461240E-014   3.3498557390005798E-014
   1.2799026990251152E-005   6.9041824179474443E-015   6.9041824179474443E-015   3.8803266380724766E-014   4.5707448798672209E-014
   1.4132539945421730E-005   1.0194965750887974E-014   1.0194965750887974E-014   5.2239388608046681E-014   6.2434354358934656E-014
   1.5604990039719259E-005   1.5054256581260887E-014   1.5054256581260887E-014   7.0327941838859389E-014   8.5382198420120276E-014
   1.7230853700311858E-005   2.2229666902367325E-014   2.2229666902367325E-014   9.4679903280343071E-014   1.1690957018271040E-013
   1.9026114387088472E-005   3.2825143435019196E-014   3.2825143435019196E-014   1.2746405508429303E-013   1.6028919851931223E-013
   2.1008419935242280E-005   4.8470804000125114E-014   4.8470804000125114E-014   1.7160012117358572E-013   2.2007092517371083E-013
   2.3197258997242881E-005   7.1573753815652166E-014   7.1573753815652166E-014   2.3101885909030902E-013   3.0259261290596117E-013
   2.5614152036723674E-005   1.0568843940026277E-013   1.0568843940026277E-013   3.1101216004299039E-013   4.1670059944325315E-013
   2.8282855055294934E-005   1.5606337374111267E-013   1.5606337374111267E-013   4.1870405222370583E-013   5.7476742596481845E-013
   3.1229610613081618E-005   2.3044894257171680E-013   2.3044894257171680E-013   5.6368584380392711E-013   7.9413478637564396E-013
   3.4483382478356355E-005   3.4028932441025604E-013   3.4028932441025604E-013   7.5886932505521137E-013   1.0991586494654674E-012
   3.8076159398769946E-005   5.0248358454758817E-013   5.0248358454758817E-013   1.0216375083498794E-012   1.5241210928974676E-012
   4.2043262510560433E-005   7.4198549845980654E-013   7.4198549845980654E-013   1.3753924904120303E-012   2.1173779888718367E-012
   4.6423694584518691E-005   1.0956428935596378E-012   1.0956428935596378E-012   1.8516398619853986E-012   2.9472827555450362E-012
   5.1260518375784186E-005   1.6178663574443341E-012   1.6178663574443341E-012   2.4927940626912094E-012   4.1106604201355431E-012
   5.6601285905344405E-005   2.3890008539554086E-012   2.3890008539554086E-012   3.3559564326928465E-012   5.7449572866482546E-012
   6.2498496845364544E-005   3.5276854059516873E-012   3.5276854059516873E-012   4.5179990698180012E-012   8.0456844757696882E-012
   6.9010129664093242E-005   5.2091082120507690E-012   5.2091082120507690E-012   6.0824136302953298E-012   1.1291521842346100E-011
   7.6200209150556434E-005   7.6919615070817480E-012   7.6919615070817480E-012   8.1885293612122883E-012   1.5880490868294035E-011
   8.4139406681060791E-005   1.1358230429134365E-011   1.1358230429134365E-011   1.1023912466064285E-011   2.2382142895198650E-011
   9.2905778728891164E-005   1.6771976738471551E-011   1.6771976738471551E-011   1.4841083350762047E-011   3.1613060089233598E-011
   1.0258550901198752E-004   2.4766113309430904E-011   2.4766113309430904E-011   1.9979999524279610E-011   4.4746112833710511E-011
   1.1327375977998591E-004   3.6570550059241277E-011   3.6570550059241277E-011   2.6898333134983374E-011   6.3468883194224654E-011
   1.2507560313679289E-004   5.4001409739125957E-011   5.4001409739125957E-011   3.6212227314413305E-011   9.0213637053539256E-011
   1.3810706150252369E-004   7.9740445853497331E-011   7.9740445853497331E-011   4.8751173615317464E-011   1.2849161946881479E-010
   1.5249625721480703E-004   1.1774766490658540E-010   1.1774766490658540E-010   6.5631899649602811E-011   1.8337956455618820E-010
   1.6838463488966221E-004   1.7387047822577563E-010   1.7387047822577563E-010   8.8357780722105375E-011   2.6222825894788100E-010
   1.8592840933706603E-004   2.5674350769115146E-010   2.5674350769115146E-010   1.1895280347394994E-010   3.7569631116510143E-010
   2.0530004985630496E-004   3.7911687744855291E-010   3.7911687744855291E-010   1.6014175549532062E-010   5.3925863294387351E-010
   2.2668998281005773E-004   5.5981774885554448E-010   5.5981774885554448E-010   2.1559287752181901E-010   7.7541062637736347E-010
   2.5030851247720415E-004   8.2664733061703965E-010   8.2664733061703965E-010   2.9024468688285468E-010   1.1168920174998943E-009
   2.7638784376904352E-004   1.2206579515262911E-009   1.2206579515262911E-009   3.9074572364658875E-010   1.6114036751728799E-009
   3.0518430867232361E-004   1.8024676594459761E-009   1.8024676594459761E-009   5.2604636156128032E-010   2.3285140210072566E-009
   3.3698105835355824E-004   2.6615895646554083E-009   2.6615895646554083E-009   7.0819668624620313E-010   3.3697862509016114E-009
   3.7209066795185214E-004   3.9302002834038267E-009   3.9302002834038267E-009   9.5341889499387529E-010   4.8836191783977021E-009
   4.1085830889642222E-004   5.8034775941609064E-009   5.8034775941609064E-009   1.2835525186265522E-009   7.0870301127874584E-009
   4.5366509584710002E-004   8.5696271488151029E-009   8.5696271488151029E-009   1.7279990216059168E-009   1.0297626170421019E-008
   5.0093187019228914E-004   1.2654225143744793E-008   1.2654225143744793E-008   2.3263410357584111E-009   1.4980566179503203E-008
   5.5312330368906249E-004   1.8685691478915413E-008   1.8685691478915413E-008   3.1318666377516881E-009   2.1817558116667101E-008
   6.1075249686837186E-004   2.7591975672057125E-008   2.7591975672057125E-008   4.2163159314368115E-009   3.1808291603493934E-008
   6.7438598489388834E-004   4.0743317103544029E-008   4.0743317103544029E-008   5.6762690463810174E-009   4.6419586149925045E-008
   7.4464938370510947E-004   6.0163074437298346E-008   6.0163074437298346E-008   7.6417507244542959E-009   6.7804825161752645E-008
   8.2223338540643454E-004   8.8838978517654688E-008   8.8838978517654688E-008   1.0287803368054297E-008   9.9126781885708986E-008
   9.0790080139413443E-004   1.3118288341652709E-007   1.3118288341652709E-007   1.3850088021250895E-008   1.4503297143777799E-007
   1.0024937801063061E-003   1.9370943167071582E-007   1.9370943167071582E-007   1.8645857763187063E-008   2.1235528943390289E-007
   1.1069423053413627E-003   2.8597592264983240E-007   2.8597592264983240E-007   2.5102226005788684E-008   3.1107814865562109E-007
   1.2222731020301583E-003   4.2195134428645156E-007   4.2195134428645156E-007   3.3794187821701052E-008   4.5574553210815259E-007
   1.3496201718226077E-003   6.2217228668753823E-007   6.2217228668753823E-007   4.5495859605901498E-008   6.6766814629343968E-007
   1.4902353286743162E-003   9.1672313663377082E-007   9.1672313663377082E-007   6.1249380540502361E-008   9.7797251717427315E-007
   1.6455008881166577E-003   1.3495899124673748E-006   1.3495899124673748E-006   8.2457742792371754E-008   1.4320476552597464E-006
   1.8169435206800699E-003   1.9849510902938428E-006   1.9849510902938428E-006   1.1100978881621561E-007   2.0959608791100584E-006
   2.0062483381479974E-003   2.9163233376076976E-006   2.9163233376076976E-006   1.4944829973115167E-007   3.0657716373388495E-006
   2.2152769379317752E-003   4.2795214215816846E-006   4.2795214215816846E-006   2.0119670944005704E-007   4.4807181310217416E-006
   2.4460835848003626E-003   6.2714993350305777E-006   6.2714993350305777E-006   2.7086352866603759E-007   6.5423628636966150E-006
   2.7009379118680945E-003   9.1769721345771406E-006   9.1769721345771406E-006   3.6465341443493863E-007   9.5416255490120792E-006
   2.9823449440300460E-003   1.3406060892270862E-005   1.3406060892270862E-005   4.9091906995982848E-007   1.3896979962230690E-005
   3.2930714078247538E-003   1.9548506507712488E-005   1.9548506507712488E-005   6.6090565982358431E-007   2.0209412167536073E-005
   3.6361722741276017E-003   2.8447484375687245E-005   2.8447484375687245E-005   8.8975219199738303E-007   2.9337236567684628E-005
   4.0150200948119172E-003   4.1306155053201758E-005   4.1306155053201758E-005   1.1978391778629990E-006   4.2503994231064756E-005
   4.4333399273455134E-003   5.9832209597835086E-005   5.9832209597835086E-005   1.6126049378128177E-006   6.1444814535647905E-005
   4.8952437937259674E-003   8.6435729918857380E-005   8.6435729918857380E-005   2.1709875085439824E-006   8.8606717427401366E-005
   5.4052728228271025E-003   1.2450901875134422E-004   1.2450901875134422E-004   2.9227153669417770E-006   1.2743173411828600E-004
   5.9684407897293550E-003   1.7878001946197591E-004   1.7878001946197591E-004   3.9347351934725477E-006   1.8271475465544846E-004
   6.5902848728001144E-003   2.5582411470116175E-004   2.5582411470116175E-004   5.2971760699062856E-006   2.6112129077106804E-004
   7.2769178077578519E-003   3.6466159124862017E-004   3.6466159124862017E-004   7.1313705294019266E-006   3.7179296177802210E-004
   8.0350907519459707E-003   5.1758764139259335E-004   5.1758764139259335E-004   9.6006684619027212E-006   5.2718830985449606E-004
   8.8722556829452532E-003   7.3129794740179439E-004   7.3129794740179439E-004   1.2924966911000580E-005   7.4422291431279497E-004
   9.7966445609927195E-003   1.0279715192809482E-003   1.0279715192809482E-003   1.7400315718267681E-005   1.0453718349992158E-003
   1.0817344300448895E-002   1.4368716743860389E-003   1.4368716743860389E-003   2.3425253634316241E-005   1.4602969280203553E-003
   1.1944388970732692E-002   1.9958903480057264E-003   1.9958903480057264E-003   3.1536308587925000E-005   2.0274266565936516E-003
   1.3188858516514300E-002   2.7529074376928882E-003   2.7529074376928882E-003   4.2455761177999435E-005   2.7953631988708876E-003
   1.4562988653779026E-002   3.7676815034105734E-003   3.7676815034105734E-003   5.7155975804392066E-005   3.8248374792149652E-003
   1.6080286353826523E-002   5.1112356554606142E-003   5.1112356554606142E-003   7.6945892665109125E-005   5.1881815481257237E-003
   1.7755670472979553E-002   6.8663894200754272E-003   6.8663894200754272E-003   1.0358766056366015E-004   6.9699770806390870E-003
   1.9605610519647595E-002   9.1245112815233551E-003   9.1245112815233551E-003   1.3945336666107980E-004   9.2639646481844345E-003
   2.1648293361067772E-002   1.1978853855397870E-002   1.1978853855397870E-002   1.8773620942330173E-004   1.2166590064821172E-002
   2.3903800174593925E-002   1.5523375154639002E-002   1.5523375154639002E-002   2.5273456490297006E-004   1.5776109719541971E-002
   2.6394305750727654E-002   1.9838900367253946E-002   1.9838900367253946E-002   3.4023453182524229E-004   2.0179134899079187E-002
   2.9144294559955593E-002   2.5003044920263104E-002   2.5003044920263104E-002   4.5802439854068046E-004   2.5461069318803785E-002
   3.2180801033973701E-002   3.1102281985975068E-002   3.1102281985975068E-002   6.1658724014077785E-004   3.1718869226115845E-002
   3.5533674061298370E-002   3.8270836203364869E-002   3.8270836203364869E-002   8.3003245084410529E-004   3.9100868654208976E-002
   3.9235882461071007E-002   4.6786015863420731E-002   4.6786015863420731E-002   1.1173502847299558E-003   4.7903366148150689E-002
   4.3323814868927002E-002   5.7163993641080220E-002   5.7163993641080220E-002   1.5040964371569401E-003   5.8668090078237159E-002
   4.7656197100877769E-002   6.9677964998447819E-002   6.9677964998447819E-002   2.0017183814571714E-003   7.1679683379904990E-002
   5.1988579332828529E-002   8.4333848280652088E-002   8.4333848280652088E-002   2.5984423055697551E-003   8.6932290586221844E-002
   5.6320961564779275E-002  0.10124271880392625       0.10124271880392625        3.3032311505051671E-003  0.10454594995443142     
   6.0653343796730055E-002  0.12026785907003010       0.12026785907003010        4.1250361653077418E-003  0.12439289523533784     
   6.4985722303390517E-002  0.14096081090549048       0.14096081090549048        5.0727945762257462E-003  0.14603360548171623     
   6.9318108260631561E-002  0.16242200039482599       0.16242200039482599        6.1554330803010246E-003  0.16857743347512702     
   7.3650486767292023E-002  0.18330287068980808       0.18330287068980808        7.3818574860705392E-003  0.19068472817587862     
   7.7982872724533067E-002  0.20244311329644990       0.20244311329644990        8.7609641919559819E-003  0.21120407748840589     
   8.2315251231193529E-002  0.21935023086559180       0.21935023086559180        1.0301625545572445E-002  0.22965185641116426     
   8.6647629737854004E-002  0.23418642747386315       0.23418642747386315        1.2012702111334364E-002  0.24619912958519752     
   9.0980015695095062E-002  0.24759020989242092       0.24759020989242092        1.3903036683460443E-002  0.26149324657588136     
   9.6368782222270966E-002  0.26394235649136738       0.26394235649136738        1.6517749400806917E-002  0.28046010589217429     
  0.10175754129886626       0.28229861817622254       0.28229861817622254        1.9440358019117629E-002  0.30173897619534018     
  0.10714630782604216       0.30520348194496050       0.30520348194496050        2.2687744501974631E-002  0.32789122644693514     
  0.11253507435321806       0.33384126238363576       0.33384126238363576        2.6276724730315403E-002  0.36011798711395115     
  0.11792384088039397       0.36765375604908113       0.36765375604908113        3.0224056632034337E-002  0.39787781268111544     
  0.12331259995698926       0.40428898189778728       0.40428898189778728        3.4546435903859619E-002  0.43883541780164692     
  0.12870137393474582       0.44039357515118643       0.44039357515118643        3.9260513286375788E-002  0.47965408843756224     
  0.13409014046192172       0.47277686584344186       0.47277686584344186        4.4382842000861095E-002  0.51715970784430298     
  0.13947889208793640       0.49946249728803044       0.49946249728803044        4.9929910211081834E-002  0.54939240749911222     
  0.14486765861511230       0.51977125827024728       0.51977125827024728        5.5918177219656383E-002  0.57568943548990370     
  0.15025642514228821       0.53504742173672915       0.53504742173672915        6.2363974308216066E-002  0.59741139604494520     
  0.15564519166946411       0.54824729931227267       0.54824729931227267        6.9283580756058102E-002  0.61753088006833079     
  0.16103395819664001       0.56327204718629709       0.56327204718629709        7.6693192934235849E-002  0.63996524012053291     
  0.16642272472381592       0.58285640989217535       0.58285640989217535        8.4608913857379800E-002  0.66746532374955514     
  0.17181149125099179       0.60980881907460682       0.60980881907460682        9.3046775779836416E-002  0.70285559485444327     
  0.17720025777816775       0.64241304427115864       0.64241304427115864       0.10202271892551101       0.74443576319666960     
  0.18258900940418243       0.67928968744861096       0.67928968744861096       0.11155255148320076       0.79084223893181171     
  0.18797777593135831       0.71754312652400976       0.71754312652400976       0.12165209633603322       0.83919522286004300     
  0.19336654245853424       0.75375906019309291       0.75375906019309291       0.13233696411817797       0.88609602431127088     
  0.19875530898571014       0.78502028592405537       0.78502028592405537       0.14362274191629457       0.92864302784034991     
  0.20414407551288605       0.80934766712763506       0.80934766712763506       0.15552486395736229       0.96487253108499738     
  0.20953284204006195       0.82734553077016459       0.82734553077016459       0.16805870799336825       0.99540423876353290     
  0.21492160856723788       0.84173089821017844       0.84173089821017844       0.18123950536132352        1.0229704035715019     
  0.22031037509441379       0.85532341268997292       0.85532341268997292       0.19508241168792534        1.0504058243778982     
  0.22569914162158966       0.87101069960264632       0.87101069960264632       0.20960244855700041        1.0806131481596468     
  0.23108789324760434       0.89105126912427779       0.89105126912427779       0.22481450777746834        1.1158657769017462     
  0.23647665977478027       0.91645225769156324       0.91645225769156324       0.24073346712391611        1.1571857248154793     
  0.24186542630195618       0.94677878963814932       0.94677878963814932       0.25737399101604491        1.2041527806541943     
  0.24725419282913208       0.98034438973966342       0.98034438973966342       0.27475061584563470        1.2550950055852981     
  0.25264295935630798        1.0145890298467031        1.0145890298467031       0.29287782521397954        1.3074668550606825     
  0.25803172588348389        1.0467727777205489        1.0467727777205489       0.31176992642614171        1.3585427041466906     
  0.26342049241065979        1.0749034418314152        1.0749034418314152       0.33144114018058313        1.4063445820119984     
  0.26880925893783575        1.0983066306660305        1.0983066306660305       0.35190549399547466        1.4502121246615052     
  0.27419802546501160        1.1175289003887776        1.1175289003887776       0.37317697389193089        1.4907058742807084     
  0.27958679199218750        1.1338481706679551        1.1338481706679551       0.39526939220668250        1.5291175628746376     
  0.28497555851936335        1.1491297116042511        1.1491297116042511       0.41819637103837581        1.5673260826426270     
  0.29036432504653931        1.1659862789943718        1.1659862789943718       0.44197150201970153        1.6079577810140733     
  0.29575309157371527        1.1857952980535698        1.1857952980535698       0.46660818854173008        1.6524034865952999     
  0.30114182829856878        1.2089257564702796        1.2089257564702796       0.49211954760194787        1.7010453040722275     
  0.30653059482574463        1.2351547437414043        1.2351547437414043       0.51851898709612398        1.7536737308375283     
  0.31191936135292053        1.2638212637930275        1.2638212637930275       0.54581930571904480        1.8096405695120723     
  0.31730812788009644        1.2927227598200699        1.2927227598200699       0.57403340541822767        1.8667561652382976     
  0.32269689440727234        1.3204665643309015        1.3204665643309015       0.60317397415407259        1.9236405384849742     
  0.32808566093444824        1.3464101295884126        1.3464101295884126       0.63325350739877251        1.9796636369871852     
  0.33347442746162415        1.3690274956531248        1.3690274956531248       0.66428443040121909        2.0333119260543437     
  0.33886319398880005        1.3885954860811112        1.3885954860811112       0.69627897626355650        2.0848744623446676     
  0.34425196051597590        1.4067668355348699        1.4067668355348699       0.72924927229283532        2.1360161078277051     
  0.34964072704315191        1.4239372003151645        1.4239372003151645       0.76320719453885222        2.1871443948540166     
  0.35502949357032781        1.4420353881216854        1.4420353881216854       0.79816455940879227        2.2401999475304777     
  0.36041826009750366        1.4613412213980428        1.4613412213980428       0.83413303272960870        2.2954742541276514     
  0.36580702662467957        1.4820261036176436        1.4820261036176436       0.87112401008600904        2.3531501137036526     
  0.37119579315185547        1.5053200583193631        1.5053200583193631       0.90914883727785956        2.4144688955972224     
  0.37658455967903137        1.5293116331819052        1.5293116331819052       0.94821870577606482        2.4775303389579699     
  0.38197332620620728        1.5541355601555460        1.5541355601555460       0.98834451673402746        2.5424800768895732     
  0.38736209273338318        1.5781312182450280        1.5781312182450280        1.0295371330078431        2.6076683512528711     
  0.39275082945823669        1.6014611795467015        1.6014611795467015        1.0718069422450183        2.6732681217917200     
  0.39813959598541260        1.6227483121000947        1.6227483121000947        1.1151650398505408        2.7379133519506356     
  0.40352836251258850        1.6428089484134341        1.6428089484134341        1.1596213362875436        2.8024302847009777     
  0.40891712903976440        1.6617980073751835        1.6617980073751835        1.2051861953789620        2.8669842027541454     
  0.41430589556694031        1.6800450753779654        1.6800450753779654        1.2518694143829314        2.9319144897608966     
  0.41969466209411621        1.6982205395928820        1.6982205395928820        1.2996809464993684        2.9979014860922506     
  0.42508342862129211        1.7171444777437443        1.7171444777437443        1.3486304089181720        3.0657748866619166     
  0.43047219514846802        1.7366313941130465        1.7366313941130465        1.3987272407288296        3.1353586348418760     
  0.43586096167564392        1.7572543154610030        1.7572543154610030        1.4499808019195777        3.2072351173805806     
  0.44124972820281982        1.7783457148013966        1.7783457148013966        1.5024002867210533        3.2807460015224499     
  0.44663849472999573        1.7998638518417278        1.7998638518417278        1.5559946151958215        3.3558584670375495     
  0.45202726125717163        1.8211289057685944        1.8211289057685944        1.6107725250650784        3.4319014308336726     
  0.45741602778434753        1.8422665325831018        1.8422665325831018        1.6667426864624881        3.5090092190455899     
  0.46280479431152344        1.8623012067440134        1.8623012067440134        1.7239136012692853        3.5862148080132989     
  0.46819356083869934        1.8820029065863897        1.8820029065863897        1.7822934784584923        3.6642963850448820     
  0.47358232736587524        1.9005969546005357        1.9005969546005357        1.8418904696903602        3.7424874242908959     
  0.47897109389305115        1.9189507765263312        1.9189507765263312        1.9027122907736731        3.8216630673000043     
  0.48435983061790466        1.9371989572447945        1.9371989572447945        1.9647666399214259        3.9019655971662202     
  0.48974859714508057        1.9554033069967063        1.9554033069967063        2.0280615925310230        3.9834648995277293     
  0.49513736367225647        1.9740790563789155        1.9740790563789155        2.0926042376755705        4.0666832940544859     
  0.50052613019943237        1.9928341471091802        1.9928341471091802        2.1584016966889203        4.1512358437981005     
  0.50591492652893066        2.0120876098776392        2.0120876098776392        2.2254614504630306        4.2375490603406698     
  0.51130366325378418        2.0314938784355578        2.0314938784355578        2.2937893973613619        4.3252832757969202     
  0.51669245958328247        2.0508009501049860        2.0508009501049860        2.3633933849908360        4.4141943350958215     
  0.52208119630813599        2.0700407231047433        2.0700407231047433        2.4342786806088128        4.5043194037135557     
  0.52746993303298950        2.0889201542711131        2.0889201542711131        2.5064523108854435        4.5953724651565562     
  0.53285872936248779        2.1073745794701675        2.1073745794701675        2.5799211733795033        4.6872957528496713     
  0.53824746608734131        2.1256544641307848        2.1256544641307848        2.6546893910516620        4.7803438551824469     
  0.54363626241683960        2.1434320513870597        2.1434320513870597        2.7307649401123997        4.8741969914994598     
  0.54902499914169312        2.1611805718524399        2.1611805718524399        2.8081511408698216        4.9693317127222620     
  0.55441379547119141        2.1788209172889057        2.1788209172889057        2.8868556981329383        5.0656766154218440     
  0.55980253219604492        2.1964297368617425        2.1964297368617425        2.9668816845945227        5.1633114214562656     
  0.56519132852554321        2.2142213437423943        2.2142213437423943        3.0482363349099804        5.2624576786523747     
  0.57058006525039673        2.2321018253515645        2.2321018253515645        3.1309222719992436        5.3630240973508077     
  0.57596886157989502        2.2499722840800978        2.2499722840800978        3.2149464507358005        5.4649187348158978     
  0.58135759830474854        2.2678589842908465        2.2678589842908465        3.3003115190466747        5.5681705033375213     
  0.58674639463424683        2.2857210778486352        2.2857210778486352        3.3870234591114663        5.6727445369601011     
  0.59213513135910034        2.3033295366028814        2.3033295366028814        3.4750849768393399        5.7784145134422218     
  0.59752392768859863        2.3208693890898746        2.3208693890898746        3.5645017595415545        5.8853711486314291     
  0.60291266441345215        2.3382272486739337        2.3382272486739337        3.6552756052223785        5.9935028538963122     
  0.60830146074295044        2.3552774534938141        2.3552774534938141        3.7474124118777064        6.1026898653715200     
  0.61369019746780396        2.3722997770255811        2.3722997770255811        3.8409132946116848        6.2132130716372664     
  0.61907899379730225        2.3891964808608215        2.3891964808608215        3.9357841552543946        6.3249806361152157     
  0.62446773052215576        2.4060431154287154        2.4060431154287154        4.0320256937224714        6.4380688091511864     
  0.62985646724700928        2.4228559296410488        2.4228559296410488        4.1296420937663019        6.5524980234073507     
  0.68127381801605225        2.5809325995924097        2.5809325995924097        5.1306764998708054        7.7116090994632156     
  0.73688852787017822        2.7446209060446374        2.7446209060446374        6.3564024683639913        9.1010233744086282     
  0.79704326391220093        2.9141006397131859        2.9141006397131859        7.8497921075272901        10.763892747240476     
  0.86210858821868896        3.0895509260690130        3.0895509260690130        9.6590861998914406        12.748637125960453     
  0.93248546123504639        3.2707297578312904        3.2707297578312904        11.837326284082501        15.108056041913791     
   1.0086073875427246        3.4579294248897630        3.4579294248897630        14.441376861954087        17.899306286843849     
   1.0909434556961060        3.6508426106380445        3.6508426106380445        17.530419347439821        21.181261958077865     
   1.1800009012222290        3.8496018801058196        3.8496018801058196        21.163818414152306        25.013420294258125     
   1.2763283252716064        4.0542142494440352        4.0542142494440352        25.398482809323269        29.452697058767306     
   1.3805193901062012        4.2645769613114748        4.2645769613114748        30.285910808059512        34.550487769370989     
   1.4932159185409546        4.4806507041162851        4.4806507041162851        35.869183846962962        40.349834551079248     
   1.6151121854782104        4.7024870178732483        4.7024870178732483        42.180472767022600        46.882959784895846     
   1.7469592094421387        4.9300202252674676        4.9300202252674676        49.239596723369537        54.169616948637007     
   1.8895695209503174        5.1631695902335419        5.1631695902335419        57.054163238086851        62.217332828320394     
   1.9711295366287231        5.2910704901302141        5.2910704901302141        61.574709538728243        66.865780028858453     
   2.4582746028900146        5.9858040848268272        5.9858040848268272        88.703806832856628        94.689610917683453     
   3.0658125877380367        6.7240239812868747        6.7240239812868747        121.72739826108376        128.45142224237063     
   3.8234977722167969        7.5048164418741647        7.5048164418741647        161.26212961271486        168.76694605458903     
   4.7684373855590820        8.3270934962212646        8.3270934962212646        208.39696789656278        216.72406139278405     
   5.9469089508056632        9.1897454212493646        9.1897454212493646        264.11715485748800        273.30690027873737     
   7.4166288375854492        10.091761379958244        10.091761379958244        329.11600773380155        339.20776911375981     
   9.2495746612548828        11.031971084246077        11.031971084246077        403.42292496725014        414.45489605149623     
   11.535514831542971        12.009168885676571        12.009168885676571        486.89045698593560        498.89962587161216     
   14.386403083801270        13.022065650302986        13.022065650302986        578.93583863716583        591.95790428746886     
   17.941860198974609        14.069214289545144        14.069214289545144        678.75510171851374        692.82431600805887     
   22.376010894775387        15.149111426577273        15.149111426577273        785.27471373037338        800.42382515695067     
   27.906021118164059        16.259861422167241        16.259861422167241        897.28118850447390        913.54104992664111     
   34.802715301513665        17.399013561621512        17.399013561621512        1013.5137700104942        1030.9127835721158     
   43.403861999511719        18.563254315665304        18.563254315665304        1132.7347999111628        1151.2980542268281     
   54.130695343017578        19.747765811544703        19.747765811544703        1253.8202946334447        1273.5680604449894     
   67.508560180664062        20.945597615276849        20.945597615276849        1375.7158408645707        1396.6614384798477     
   84.192626953125000        22.146017302015942        22.146017302015942        1497.4936193866929        1519.6396366887088     
   104.99999237060543        23.333533809578324        23.333533809578324        1618.3430696072041        1641.6766034167824     
