   1.0497607945580963E-005   3.1663939435455557E-015   3.1663939435455557E-015   1.0700575760504622E-013   1.1017215154859178E-013
   1.1591339898586732E-005   4.6756130135445553E-015   4.6756130135445553E-015   1.4405788088264950E-013   1.4873349389619406E-013
   1.2799026990251152E-005   6.9041824179474443E-015   6.9041824179474443E-015   1.9393980896335034E-013   2.0084399138129777E-013
   1.4132539945421730E-005   1.0194965750887974E-014   1.0194965750887974E-014   2.6109392306312231E-013   2.7128888881401029E-013
   1.5604990039719259E-005   1.5054256581260887E-014   1.5054256581260887E-014   3.5150101723882887E-013   3.6655527382008977E-013
   1.7230853700311858E-005   2.2229666902367325E-014   2.2229666902367325E-014   4.7321280055896302E-013   4.9544246746133032E-013
   1.9026114387088472E-005   3.2825143435019196E-014   3.2825143435019196E-014   6.3706890678206939E-013   6.6989405021708857E-013
   2.1008419935242280E-005   4.8470804000125114E-014   4.8470804000125114E-014   8.5766219760882357E-013   9.0613300160894870E-013
   2.3197258997242881E-005   7.1573753815652166E-014   7.1573753815652166E-014   1.1546387090021271E-012   1.2262124628177792E-012
   2.5614152036723674E-005   1.0568843940026277E-013   1.0568843940026277E-013   1.5544474609998000E-012   1.6601359004000627E-012
   2.8282855055294934E-005   1.5606337374111267E-013   1.5606337374111267E-013   2.0926945454463944E-012   2.2487579191875071E-012
   3.1229610613081618E-005   2.3044894257171680E-013   2.3044894257171680E-013   2.8173175884229948E-012   3.0477665309947117E-012
   3.4483382478356355E-005   3.4028932441025604E-013   3.4028932441025604E-013   3.7928500782723382E-012   4.1331394026825943E-012
   3.8076159398769946E-005   5.0248358454758817E-013   5.0248358454758817E-013   5.1061727962569551E-012   5.6086563808045432E-012
   4.2043262510560433E-005   7.4198549845980654E-013   7.4198549845980654E-013   6.8742500753142420E-012   7.6162355737740482E-012
   4.6423694584518691E-005   1.0956428935596378E-012   1.0956428935596378E-012   9.2545477377841615E-012   1.0350190631343799E-011
   5.1260518375784186E-005   1.6178663574443341E-012   1.6178663574443341E-012   1.2459054337329146E-011   1.4076920694773480E-011
   5.6601285905344405E-005   2.3890008539554086E-012   2.3890008539554086E-012   1.6773162208077090E-011   1.9162163062032497E-011
   6.2498496845364544E-005   3.5276854059516873E-012   3.5276854059516873E-012   2.2581083149876102E-011   2.6108768555827790E-011
   6.9010129664093242E-005   5.2091082120507690E-012   5.2091082120507690E-012   3.0400069990092174E-011   3.5609178202142945E-011
   7.6200209150556434E-005   7.6919615070817480E-012   7.6919615070817480E-012   4.0926494123467149E-011   4.8618455630548901E-011
   8.4139406681060791E-005   1.1358230429134365E-011   1.1358230429134365E-011   5.5097810797899755E-011   6.6456041227034122E-011
   9.2905778728891164E-005   1.6771976738471551E-011   1.6771976738471551E-011   7.4176133474695799E-011   9.0948110213167353E-011
   1.0258550901198752E-004   2.4766113309430904E-011   2.4766113309430904E-011   9.9860564160027609E-011   1.2462667746945853E-010
   1.1327375977998591E-004   3.6570550059241277E-011   3.6570550059241277E-011   1.3443856377161585E-010   1.7100911383085713E-010
   1.2507560313679289E-004   5.4001409739125957E-011   5.4001409739125957E-011   1.8098962847518590E-010   2.3499103821431187E-010
   1.3810706150252369E-004   7.9740445853497331E-011   7.9740445853497331E-011   2.4365957384120861E-010   3.2340001969470596E-010
   1.5249625721480703E-004   1.1774766490658540E-010   1.1774766490658540E-010   3.2802982649269131E-010   4.4577749139927669E-010
   1.6838463488966221E-004   1.7387047822577563E-010   1.7387047822577563E-010   4.4161423875649732E-010   6.1548471698227293E-010
   1.8592840933706603E-004   2.5674350769115146E-010   2.5674350769115146E-010   5.9452874788742117E-010   8.5127225557857263E-010
   2.0530004985630496E-004   3.7911687744855291E-010   3.7911687744855291E-010   8.0039187504839921E-010   1.1795087524969520E-009
   2.2668998281005773E-004   5.5981774885554448E-010   5.5981774885554448E-010   1.0775374147564242E-009   1.6373551636119687E-009
   2.5030851247720415E-004   8.2664733061703965E-010   8.2664733061703965E-010   1.4506480083412748E-009   2.2772953389583144E-009
   2.7638784376904352E-004   1.2206579515262911E-009   1.2206579515262911E-009   1.9529529195326741E-009   3.1736108710589654E-009
   3.0518430867232361E-004   1.8024676594459761E-009   1.8024676594459761E-009   2.6291861353543207E-009   4.4316537948002964E-009
   3.3698105835355824E-004   2.6615895646554083E-009   2.6615895646554083E-009   3.5395730834784029E-009   6.2011626481338112E-009
   3.7209066795185214E-004   3.9302002834038267E-009   3.9302002834038267E-009   4.7651917793066914E-009   8.6953920627105180E-009
   4.1085830889642222E-004   5.8034775941609064E-009   5.8034775941609064E-009   6.4151943384469477E-009   1.2218671932607855E-008
   4.5366509584710002E-004   8.5696271488151029E-009   8.5696271488151029E-009   8.6365272619461396E-009   1.7206154410761241E-008
   5.0093187019228914E-004   1.2654225143744793E-008   1.2654225143744793E-008   1.1627018260487461E-008   2.4281243404232252E-008
   5.5312330368906249E-004   1.8685691478915413E-008   1.8685691478915413E-008   1.5652993823752534E-008   3.4338685302667950E-008
   6.1075249686837186E-004   2.7591975672057125E-008   2.7591975672057125E-008   2.1072996597801647E-008   4.8664972269858771E-008
   6.7438598489388834E-004   4.0743317103544029E-008   4.0743317103544029E-008   2.8369711726570015E-008   6.9113028830114047E-008
   7.4464938370510947E-004   6.0163074437298346E-008   6.0163074437298346E-008   3.8192963723838366E-008   9.8356038161136705E-008
   8.2223338540643454E-004   8.8838978517654688E-008   8.8838978517654688E-008   5.1417547218539810E-008   1.4025652573619451E-007
   9.0790080139413443E-004   1.3118288341652709E-007   1.3118288341652709E-007   6.9221180724119718E-008   2.0040406414064680E-007
   1.0024937801063061E-003   1.9370943167071582E-007   1.9370943167071582E-007   9.3189327628608492E-008   2.8689875929932430E-007
   1.1069423053413627E-003   2.8597592264983240E-007   2.8597592264983240E-007   1.2545639289500532E-007   4.1143231554483775E-007
   1.2222731020301583E-003   4.2195134428645156E-007   4.2195134428645156E-007   1.6889570124537179E-007   5.9084704553182340E-007
   1.3496201718226077E-003   6.2217228668753823E-007   6.2217228668753823E-007   2.2737548692816462E-007   8.4954777361570280E-007
   1.4902353286743162E-003   9.1672313663377082E-007   9.1672313663377082E-007   3.0610298123995356E-007   1.2228261178737244E-006
   1.6455008881166577E-003   1.3495899124673748E-006   1.3495899124673748E-006   4.1208814159804466E-007   1.7616780540654195E-006
   1.8169435206800699E-003   1.9849510902938428E-006   1.9849510902938428E-006   5.5476768662158778E-007   2.5397187769154308E-006
   2.0062483381479974E-003   2.9163233376076976E-006   2.9163233376076976E-006   7.4684443875914083E-007   3.6631677763668385E-006
   2.2152769379317752E-003   4.2795214215816846E-006   4.2795214215816846E-006   1.0054187941161173E-006   5.2849402156978017E-006
   2.4460835848003626E-003   6.2714993350305777E-006   6.2714993350305777E-006   1.3535078188932634E-006   7.6250071539238409E-006
   2.7009379118680945E-003   9.1769721345771406E-006   9.1769721345771406E-006   1.8220953853917102E-006   1.0999067519968851E-005
   2.9823449440300460E-003   1.3406060892270862E-005   1.3406060892270862E-005   2.4528845348219810E-006   1.5858945427092845E-005
   3.2930714078247538E-003   1.9548506507712488E-005   1.9548506507712488E-005   3.3020057376122780E-006   2.2850512245324767E-005
   3.6361722741276017E-003   2.8447484375687245E-005   2.8447484375687245E-005   4.4450053935717728E-006   3.2892489769259020E-005
   4.0150200948119172E-003   4.1306155053201758E-005   4.1306155053201758E-005   5.9835493307662891E-006   4.7289704383968044E-005
   4.4333399273455134E-003   5.9832209597835086E-005   5.9832209597835086E-005   8.0544536770044089E-006   6.7886663274839491E-005
   4.8952437937259674E-003   8.6435729918857380E-005   8.6435729918857380E-005   1.0841808139020038E-005   9.7277538057877411E-005
   5.4052728228271025E-003   1.2450901875134422E-004   1.2450901875134422E-004   1.4593291414428022E-005   1.3910231016577224E-004
   5.9684407897293550E-003   1.7878001946197591E-004   1.7878001946197591E-004   1.9642084170394141E-005   1.9842210363237007E-004
   6.5902848728001144E-003   2.5582411470116175E-004   2.5582411470116175E-004   2.6436320686824866E-005   2.8226043538798662E-004
   7.2769178077578519E-003   3.6466159124862017E-004   3.6466159124862017E-004   3.5578605471278384E-005   4.0024019671989857E-004
   8.0350907519459707E-003   5.1758764139259335E-004   5.1758764139259335E-004   4.7879081888876905E-005   5.6546672328147024E-004
   8.8722556829452532E-003   7.3129794740179439E-004   7.3129794740179439E-004   6.4426513197781332E-005   7.9572446059957566E-004
   9.7966445609927195E-003   1.0279715192809482E-003   1.0279715192809482E-003   8.6683685085653175E-005   1.1146552043666013E-003
   1.0817344300448895E-002   1.4368716743860389E-003   1.4368716743860389E-003   1.1661482534826860E-004   1.5534864997343075E-003
   1.1944388970732692E-002   1.9958903480057264E-003   1.9958903480057264E-003   1.5685611103873014E-004   2.1527464590444566E-003
   1.3188858516514300E-002   2.7529074376928882E-003   2.7529074376928882E-003   2.1094315161334227E-004   2.9638505893062306E-003
   1.4562988653779026E-002   3.7676815034105734E-003   3.7676815034105734E-003   2.8361393390650345E-004   4.0512954373170765E-003
   1.6080286353826523E-002   5.1112356554606142E-003   5.1112356554606142E-003   3.8121092397767100E-004   5.4924465794382853E-003
   1.7755670472979553E-002   6.8663894200754272E-003   6.8663894200754272E-003   5.1221457721927952E-004   7.3786039972947070E-003
   1.9605610519647595E-002   9.1245112815233551E-003   9.1245112815233551E-003   6.8794578294402149E-004   9.8124570644673760E-003
   2.1648293361067772E-002   1.1978853855397870E-002   1.1978853855397870E-002   9.2348979780564847E-004   1.2902343653203519E-002
   2.3903800174593925E-002   1.5523375154639002E-002   1.5523375154639002E-002   1.2389013989943397E-003   1.6762276553633340E-002
   2.6394305750727654E-002   1.9838900367253946E-002   1.9838900367253946E-002   1.6607678819967780E-003   2.1499668249250724E-002
   2.9144294559955593E-002   2.5003044920263104E-002   2.5003044920263104E-002   2.2242151392983293E-003   2.7227260059561432E-002
   3.2180801033973701E-002   3.1102281985975068E-002   3.1102281985975068E-002   2.9754518295852335E-003   3.4077733815560299E-002
   3.5533674061298370E-002   3.8270836203364869E-002   3.8270836203364869E-002   3.9749483045176792E-003   4.2245784507882550E-002
   3.9235882461071007E-002   4.6786015863420731E-002   4.6786015863420731E-002   5.3013304676253386E-003   5.2087346331046072E-002
   4.3323814868927002E-002   5.7163993641080220E-002   5.7163993641080220E-002   7.0559951595545178E-003   6.4219988800634731E-002
   4.7656197100877769E-002   6.9677964998447819E-002   6.9677964998447819E-002   9.2675976492708773E-003   7.8945562647718695E-002
   5.1988579332828529E-002   8.4333848280652088E-002   8.4333848280652088E-002   1.1858727641488351E-002   9.6192575922140436E-002
   5.6320961564779275E-002  0.10124271880392625       0.10124271880392625        1.4842616859157144E-002  0.11608533566308341     
   6.0653343796730055E-002  0.12026785907003010       0.12026785907003010        1.8227976664577258E-002  0.13849583573460736     
   6.4985722303390517E-002  0.14096081090549048       0.14096081090549048        2.2018994690605920E-002  0.16297980559609640     
   6.9318108260631561E-002  0.16242200039482599       0.16242200039482599        2.6215410161467771E-002  0.18863741055629377     
   7.3650486767292023E-002  0.18330287068980808       0.18330287068980808        3.0812614340924381E-002  0.21411548503073247     
   7.7982872724533067E-002  0.20244311329644990       0.20244311329644990        3.5801878513775483E-002  0.23824499181022538     
   8.2315251231193529E-002  0.21935023086559180       0.21935023086559180        4.1170531733378285E-002  0.26052076259897006     
   8.6647629737854004E-002  0.23418642747386315       0.23418642747386315        4.6902311831519800E-002  0.28108873930538292     
   9.0980015695095062E-002  0.24759020989242092       0.24759020989242092        5.2977643374028008E-002  0.30056785326644891     
   9.6368782222270966E-002  0.26394235649136738       0.26394235649136738        6.0979517104508531E-002  0.32492187359587593     
  0.10175754129886626       0.28229861817622254       0.28229861817622254        6.9429053580117597E-002  0.35172767175634012     
  0.10714630782604216       0.30520348194496050       0.30520348194496050        7.8272531763727116E-002  0.38347601370868761     
  0.11253507435321806       0.33384126238363576       0.33384126238363576        8.7452456025838496E-002  0.42129371840947427     
  0.11792384088039397       0.36765375604908113       0.36765375604908113        9.6908832663430311E-002  0.46456258871251144     
  0.12331259995698926       0.40428898189778728       0.40428898189778728       0.10658031593565576       0.51086929783344304     
  0.12870137393474582       0.44039357515118643       0.44039357515118643       0.11640542102602480       0.55679899617721129     
  0.13409014046192172       0.47277686584344186       0.47277686584344186       0.12632343157272571       0.59910029741616755     
  0.13947889208793640       0.49946249728803044       0.49946249728803044       0.13627542914556698       0.63573792643359739     
  0.14486765861511230       0.51977125827024728       0.51977125827024728       0.14620522922161647       0.66597648749186378     
  0.15025642514228821       0.53504742173672915       0.53504742173672915       0.15605983586442160       0.69110725760115077     
  0.15564519166946411       0.54824729931227267       0.54824729931227267       0.16579023643562912       0.71403753574790185     
  0.16103395819664001       0.56327204718629709       0.56327204718629709       0.17535168677804733       0.73862373396434444     
  0.16642272472381592       0.58285640989217535       0.58285640989217535       0.18470413773790076       0.76756054763007608     
  0.17181149125099179       0.60980881907460682       0.60980881907460682       0.19381224530346669       0.80362106437807346     
  0.17720025777816775       0.64241304427115864       0.64241304427115864       0.20264560685342065       0.84505865112457923     
  0.18258900940418243       0.67928968744861096       0.67928968744861096       0.21117857822122688       0.89046826566983783     
  0.18797777593135831       0.71754312652400976       0.71754312652400976       0.21939005921248747       0.93693318573649720     
  0.19336654245853424       0.75375906019309291       0.75375906019309291       0.22726378385379550       0.98102284404688844     
  0.19875530898571014       0.78502028592405537       0.78502028592405537       0.23478677541152332        1.0198070613355787     
  0.20414407551288605       0.80934766712763506       0.80934766712763506       0.24195129394884249        1.0512989610764776     
  0.20953284204006195       0.82734553077016459       0.82734553077016459       0.24875111782797873        1.0760966485981434     
  0.21492160856723788       0.84173089821017844       0.84173089821017844       0.25518563234181402        1.0969165305519923     
  0.22031037509441379       0.85532341268997292       0.85532341268997292       0.26125420190367055        1.1165776145936435     
  0.22569914162158966       0.87101069960264632       0.87101069960264632       0.26696107863945573        1.1379717782421022     
  0.23108789324760434       0.89105126912427779       0.89105126912427779       0.27231144456815892        1.1633627136924367     
  0.23647665977478027       0.91645225769156324       0.91645225769156324       0.27731087155031553        1.1937631292418787     
  0.24186542630195618       0.94677878963814932       0.94677878963814932       0.28197137752857915        1.2287501671667285     
  0.24725419282913208       0.98034438973966342       0.98034438973966342       0.28629711471724950        1.2666415044569130     
  0.25264295935630798        1.0145890298467031        1.0145890298467031       0.29030470614002024        1.3048937359867234     
  0.25803172588348389        1.0467727777205489        1.0467727777205489       0.29400078172137512        1.3407735594419239     
  0.26342049241065979        1.0749034418314152        1.0749034418314152       0.29739735891017399        1.3723008007415891     
  0.26880925893783575        1.0983066306660305        1.0983066306660305       0.30051273727551764        1.3988193679415482     
  0.27419802546501160        1.1175289003887776        1.1175289003887776       0.30334897202000966        1.4208778724087874     
  0.27958679199218750        1.1338481706679551        1.1338481706679551       0.30592577471644755        1.4397739453844025     
  0.28497555851936335        1.1491297116042511        1.1491297116042511       0.30825744015846568        1.4573871517627168     
  0.29036432504653931        1.1659862789943718        1.1659862789943718       0.31034547776850729        1.4763317567628791     
  0.29575309157371527        1.1857952980535698        1.1857952980535698       0.31221290097445725        1.4980081990280270     
  0.30114182829856878        1.2089257564702796        1.2089257564702796       0.31387032154702588        1.5227960780173055     
  0.30653059482574463        1.2351547437414043        1.2351547437414043       0.31531848076682317        1.5504732245082276     
  0.31191936135292053        1.2638212637930275        1.2638212637930275       0.31658078338861373        1.5804020471816411     
  0.31730812788009644        1.2927227598200699        1.2927227598200699       0.31766834794148990        1.6103911077615598     
  0.32269689440727234        1.3204665643309015        1.3204665643309015       0.31857721114500998        1.6390437754759115     
  0.32808566093444824        1.3464101295884126        1.3464101295884126       0.31932960277892453        1.6657397323673371     
  0.33347442746162415        1.3690274956531248        1.3690274956531248       0.31994154885235587        1.6889690445054806     
  0.33886319398880005        1.3885954860811112        1.3885954860811112       0.32040287498735609        1.7089983610684674     
  0.34425196051597590        1.4067668355348699        1.4067668355348699       0.32073113460646435        1.7274979701413342     
  0.34964072704315191        1.4239372003151645        1.4239372003151645       0.32094707435303099        1.7448842746681954     
  0.35502949357032781        1.4420353881216854        1.4420353881216854       0.32104409037564796        1.7630794784973334     
  0.36041826009750366        1.4613412213980428        1.4613412213980428       0.32102572601953533        1.7823669474175781     
  0.36580702662467957        1.4820261036176436        1.4820261036176436       0.32091173063051881        1.8029378342481626     
  0.37119579315185547        1.5053200583193631        1.5053200583193631       0.32071481063658042        1.8260348689559436     
  0.37658455967903137        1.5293116331819052        1.5293116331819052       0.32042041463141907        1.8497320478133243     
  0.38197332620620728        1.5541355601555460        1.5541355601555460       0.32004166588586008        1.8741772260414060     
  0.38736209273338318        1.5781312182450280        1.5781312182450280       0.31959567917929882        1.8977268974243269     
  0.39275082945823669        1.6014611795467015        1.6014611795467015       0.31908792932761892        1.9205491088743205     
  0.39813959598541260        1.6227483121000947        1.6227483121000947       0.31850490753428518        1.9412532196343799     
  0.40352836251258850        1.6428089484134341        1.6428089484134341       0.31786043424696858        1.9606693826604027     
  0.40891712903976440        1.6617980073751835        1.6617980073751835       0.31716913078062681        1.9789671381558103     
  0.41430589556694031        1.6800450753779654        1.6800450753779654       0.31643540146188631        1.9964804768398516     
  0.41969466209411621        1.6982205395928820        1.6982205395928820       0.31564523367513236        2.0138657732680145     
  0.42508342862129211        1.7171444777437443        1.7171444777437443       0.31480984969914005        2.0319543274428842     
  0.43047219514846802        1.7366313941130465        1.7366313941130465       0.31394150728277098        2.0505729013958174     
  0.43586096167564392        1.7572543154610030        1.7572543154610030       0.31304809383438043        2.0703024092953832     
  0.44124972820281982        1.7783457148013966        1.7783457148013966       0.31211507082575701        2.0904607856271538     
  0.44663849472999573        1.7998638518417278        1.7998638518417278       0.31114806138910767        2.1110119132308354     
  0.45202726125717163        1.8211289057685944        1.8211289057685944       0.31015687765584360        2.1312857834244379     
  0.45741602778434753        1.8422665325831018        1.8422665325831018       0.30915106445731366        2.1514175970404157     
  0.46280479431152344        1.8623012067440134        1.8623012067440134       0.30812550711489822        2.1704267138589115     
  0.46819356083869934        1.8820029065863897        1.8820029065863897       0.30707378673982438        2.1890766933262142     
  0.47358232736587524        1.9005969546005357        1.9005969546005357       0.30600347210060613        2.2066004267011419     
  0.47897109389305115        1.9189507765263312        1.9189507765263312       0.30492197979862823        2.2238727563249592     
  0.48435983061790466        1.9371989572447945        1.9371989572447945       0.30383586048270861        2.2410348177275030     
  0.48974859714508057        1.9554033069967063        1.9554033069967063       0.30273560259138121        2.2581389095880873     
  0.49513736367225647        1.9740790563789155        1.9740790563789155       0.30162120305296869        2.2757002594318840     
  0.50052613019943237        1.9928341471091802        1.9928341471091802       0.30049736297134499        2.2933315100805252     
  0.50591492652893066        2.0120876098776392        2.0120876098776392       0.29936968117505375        2.3114572910526929     
  0.51130366325378418        2.0314938784355578        2.0314938784355578       0.29824300079543858        2.3297368792309965     
  0.51669245958328247        2.0508009501049860        2.0508009501049860       0.29710996539042595        2.3479109154954121     
  0.52208119630813599        2.0700407231047433        2.0700407231047433       0.29597060896795579        2.3660113320726990     
  0.52746993303298950        2.0889201542711131        2.0889201542711131       0.29482715294354506        2.3837473072146582     
  0.53285872936248779        2.1073745794701675        2.1073745794701675       0.29368331500783507        2.4010578944780026     
  0.53824746608734131        2.1256544641307848        2.1256544641307848       0.29254334106605784        2.4181978051968427     
  0.54363626241683960        2.1434320513870597        2.1434320513870597       0.29140468011595055        2.4348367315030104     
  0.54902499914169312        2.1611805718524399        2.1611805718524399       0.29026509948795726        2.4514456713403971     
  0.55441379547119141        2.1788209172889057        2.1788209172889057       0.28912550462237685        2.4679464219112823     
  0.55980253219604492        2.1964297368617425        2.1964297368617425       0.28798669821500628        2.4844164350767488     
  0.56519132852554321        2.2142213437423943        2.2142213437423943       0.28685183971148354        2.5010731834538777     
  0.57058006525039673        2.2321018253515645        2.2321018253515645       0.28572313760816509        2.5178249629597298     
  0.57596886157989502        2.2499722840800978        2.2499722840800978       0.28459785583355190        2.5345701399136495     
  0.58135759830474854        2.2678589842908465        2.2678589842908465       0.28347749370959680        2.5513364780004433     
  0.58674639463424683        2.2857210778486352        2.2857210778486352       0.28235930203906595        2.5680803798877010     
  0.59213513135910034        2.3033295366028814        2.3033295366028814       0.28124405599166452        2.5845735925945461     
  0.59752392768859863        2.3208693890898746        2.3208693890898746       0.28013405111732065        2.6010034402071951     
  0.60291266441345215        2.3382272486739337        2.3382272486739337       0.27903087490349554        2.6172581235774293     
  0.60830146074295044        2.3552774534938141        2.3552774534938141       0.27793474305784155        2.6332121965516557     
  0.61369019746780396        2.3722997770255811        2.3722997770255811       0.27684721975200804        2.6491469967775894     
  0.61907899379730225        2.3891964808608215        2.3891964808608215       0.27576316807325046        2.6649596489340719     
  0.62446773052215576        2.4060431154287154        2.4060431154287154       0.27468231404136545        2.6807254294700806     
  0.62985646724700928        2.4228559296410488        2.4228559296410488       0.27360634896407099        2.6964622786051198     
  0.68127381801605225        2.5809325995924097        2.5809325995924097       0.26370338661559439        2.8446359862080040     
  0.73688852787017822        2.7446209060446374        2.7446209060446374       0.25371817108215428        2.9983390771267917     
  0.79704326391220093        2.9141006397131859        2.9141006397131859       0.24371151751297165        3.1578121572261577     
  0.86210858821868896        3.0895509260690130        3.0895509260690130       0.23385972985418327        3.3234106559231962     
  0.93248546123504639        3.2707297578312904        3.2707297578312904       0.22408241455369535        3.4948121723849859     
   1.0086073875427246        3.4579294248897630        3.4579294248897630       0.21460316278148384        3.6725325876712467     
   1.0909434556961060        3.6508426106380445        3.6508426106380445       0.20528088630622615        3.8561234969442708     
   1.1800009012222290        3.8496018801058196        3.8496018801058196       0.19626976067675941        4.0458716407825790     
   1.2763283252716064        4.0542142494440352        4.0542142494440352       0.18754998199005873        4.2417642314340940     
   1.3805193901062012        4.2645769613114748        4.2645769613114748       0.17903244537299284        4.4436094066844678     
   1.4932159185409546        4.4806507041162851        4.4806507041162851       0.17099277317795528        4.6516434772942405     
   1.6151121854782104        4.7024870178732483        4.7024870178732483       0.16298552161911509        4.8654725394923632     
   1.7469592094421387        4.9300202252674676        4.9300202252674676       0.15562972402107805        5.0856499492885456     
   1.8895695209503174        5.1631695902335419        5.1631695902335419       0.14816657161607058        5.3113361618496127     
   1.9711295366287231        5.2910704901302141        5.2910704901302141       0.14451834867892474        5.4355888388091387     
   2.4582746028900146        5.9858040848268272        5.9858040848268272       0.12598518060877598        6.1117892654356032     
   3.0658125877380367        6.7240239812868747        6.7240239812868747       0.10950048475853136        6.8335244660454064     
   3.8234977722167969        7.5048164418741647        7.5048164418741647        9.4950678482724565E-002   7.5997671203568897     
   4.7684373855590820        8.3270934962212646        8.3270934962212646        8.2400462749748118E-002   8.4094939589710123     
   5.9469089508056632        9.1897454212493646        9.1897454212493646        7.1783995105073078E-002   9.2615294163544384     
   7.4166288375854492        10.091761379958244        10.091761379958244        6.2732306822689821E-002   10.154493686780935     
   9.2495746612548828        11.031971084246077        11.031971084246077        5.4790874381253289E-002   11.086761958627330     
   11.535514831542971        12.009168885676571        12.009168885676571        4.7853450951190681E-002   12.057022336627762     
   14.386403083801270        13.022065650302986        13.022065650302986        4.1783138518264644E-002   13.063848788821250     
   17.941860198974609        14.069214289545144        14.069214289545144        3.5999088746742687E-002   14.105213378291886     
   22.376010894775387        15.149111426577273        15.149111426577273        3.0710604735303782E-002   15.179822031312577     
   27.906021118164059        16.259861422167241        16.259861422167241        2.6515078510398592E-002   16.286376500677640     
   34.802715301513665        17.399013561621512        17.399013561621512        2.3254540098511252E-002   17.422268101720022     
   43.403861999511719        18.563254315665304        18.563254315665304        1.9751164024535642E-002   18.583005479689842     
   54.130695343017578        19.747765811544703        19.747765811544703        1.6040913680502381E-002   19.763806725225205     
   67.508560180664062        20.945597615276849        20.945597615276849        1.3159674473350326E-002   20.958757289750199     
   84.192626953125000        22.146017302015942        22.146017302015942        1.1358571689066194E-002   22.157375873705007     
   104.99999237060543        23.333533809578324        23.333533809578324        9.5762025472374921E-003   23.343110012125560     
