   1.0497607945580963E-005   3.1663939435455557E-015   3.1663939435455557E-015   3.9016843641493056E-014   4.2183237585038610E-014
   1.1591339898586732E-005   4.6756130135445553E-015   4.6756130135445553E-015   5.2526928826286867E-014   5.7202541839831419E-014
   1.2799026990251152E-005   6.9041824179474443E-015   6.9041824179474443E-015   7.0715076080476791E-014   7.7619258498424240E-014
   1.4132539945421730E-005   1.0194965750887974E-014   1.0194965750887974E-014   9.5201059571031462E-014   1.0539602532191943E-013
   1.5604990039719259E-005   1.5054256581260887E-014   1.5054256581260887E-014   1.2816564742056644E-013   1.4321990400182732E-013
   1.7230853700311858E-005   2.2229666902367325E-014   2.2229666902367325E-014   1.7254466410300666E-013   1.9477433100537399E-013
   1.9026114387088472E-005   3.2825143435019196E-014   3.2825143435019196E-014   2.3229048854863226E-013   2.6511563198365143E-013
   2.1008419935242280E-005   4.8470804000125114E-014   4.8470804000125114E-014   3.1272407598750455E-013   3.6119487998762968E-013
   2.3197258997242881E-005   7.1573753815652166E-014   7.1573753815652166E-014   4.2100881948103557E-013   4.9258257329668778E-013
   2.5614152036723674E-005   1.0568843940026277E-013   1.0568843940026277E-013   5.6678858794007295E-013   6.7247702734033576E-013
   2.8282855055294934E-005   1.5606337374111267E-013   1.5606337374111267E-013   7.6304630176471921E-013   9.1910967550583177E-013
   3.1229610613081618E-005   2.3044894257171680E-013   2.3044894257171680E-013   1.0272611315495636E-012   1.2577100741212805E-012
   3.4483382478356355E-005   3.4028932441025604E-013   3.4028932441025604E-013   1.3829635250262412E-012   1.7232528494364973E-012
   3.8076159398769946E-005   5.0248358454758817E-013   5.0248358454758817E-013   1.8618322854778468E-012   2.3643158700254350E-012
   4.2043262510560433E-005   7.4198549845980654E-013   7.4198549845980654E-013   2.5065153960419386E-012   3.2485008945017453E-012
   4.6423694584518691E-005   1.0956428935596378E-012   1.0956428935596378E-012   3.3744286480733980E-012   4.4700715416330360E-012
   5.1260518375784186E-005   1.6178663574443341E-012   1.6178663574443341E-012   4.5428681200852363E-012   6.1607344775295703E-012
   5.6601285905344405E-005   2.3890008539554086E-012   2.3890008539554086E-012   6.1158952994360675E-012   8.5048961533914765E-012
   6.2498496845364544E-005   3.5276854059516873E-012   3.5276854059516873E-012   8.2336019039986802E-012   1.1761287309950367E-011
   6.9010129664093242E-005   5.2091082120507690E-012   5.2091082120507690E-012   1.1084591137227597E-011   1.6293699349278366E-011
   7.6200209150556434E-005   7.6919615070817480E-012   7.6919615070817480E-012   1.4922776631324650E-011   2.2614738138406398E-011
   8.4139406681060791E-005   1.1358230429134365E-011   1.1358230429134365E-011   2.0089979052111231E-011   3.1448209481245595E-011
   9.2905778728891164E-005   1.6771976738471551E-011   1.6771976738471551E-011   2.7046391609629062E-011   4.3818368348100613E-011
   1.0258550901198752E-004   2.4766113309430904E-011   2.4766113309430904E-011   3.6411552898267459E-011   6.1177666207698356E-011
   1.1327375977998591E-004   3.6570550059241277E-011   3.6570550059241277E-011   4.9019524681644387E-011   8.5590074740885657E-011
   1.2507560313679289E-004   5.4001409739125957E-011   5.4001409739125957E-011   6.5993166257114141E-011   1.1999457599624010E-010
   1.3810706150252369E-004   7.9740445853497331E-011   7.9740445853497331E-011   8.8844143103689850E-011   1.6858458895718718E-010
   1.5249625721480703E-004   1.1774766490658540E-010   1.1774766490658540E-010   1.1960757971997291E-010   2.3735524462655831E-010
   1.6838463488966221E-004   1.7387047822577563E-010   1.7387047822577563E-010   1.6102322739431877E-010   3.3489370562009443E-010
   1.8592840933706603E-004   2.5674350769115146E-010   2.5674350769115146E-010   2.1677958397699075E-010   4.7352309166814221E-010
   2.0530004985630496E-004   3.7911687744855291E-010   3.7911687744855291E-010   2.9184232838382059E-010   6.7095920583237345E-010
   2.2668998281005773E-004   5.5981774885554448E-010   5.5981774885554448E-010   3.9289645079964182E-010   9.5271419965518625E-010
   2.5030851247720415E-004   8.2664733061703965E-010   8.2664733061703965E-010   5.2894190499491785E-010   1.3555892356119576E-009
   2.7638784376904352E-004   1.2206579515262911E-009   1.2206579515262911E-009   7.1209493891686370E-010   1.9327528904431548E-009
   3.0518430867232361E-004   1.8024676594459761E-009   1.8024676594459761E-009   9.5866679795636569E-010   2.7611344574023418E-009
   3.3698105835355824E-004   2.6615895646554083E-009   2.6615895646554083E-009   1.2906174252531665E-009   3.9522069899085746E-009
   3.7209066795185214E-004   3.9302002834038267E-009   3.9302002834038267E-009   1.7375101788625192E-009   5.6677104622663459E-009
   4.1085830889642222E-004   5.8034775941609064E-009   5.8034775941609064E-009   2.3391453825909537E-009   8.1426229767518600E-009
   4.5366509584710002E-004   8.5696271488151029E-009   8.5696271488151029E-009   3.1491044176626730E-009   1.1718731566477775E-008
   5.0093187019228914E-004   1.2654225143744793E-008   1.2654225143744793E-008   4.2395222534685629E-009   1.6893747397213355E-008
   5.5312330368906249E-004   1.8685691478915413E-008   1.8685691478915413E-008   5.7075107185968731E-009   2.4393202197512284E-008
   6.1075249686837186E-004   2.7591975672057125E-008   2.7591975672057125E-008   7.6838089533504229E-009   3.5275784625407546E-008
   6.7438598489388834E-004   4.0743317103544029E-008   4.0743317103544029E-008   1.0344424899773956E-008   5.1087742003317985E-008
   7.4464938370510947E-004   6.0163074437298346E-008   6.0163074437298346E-008   1.3926313002150313E-008   7.4089387439448657E-008
   8.2223338540643454E-004   8.8838978517654688E-008   8.8838978517654688E-008   1.8748470496111407E-008   1.0758744901376610E-007
   9.0790080139413443E-004   1.3118288341652709E-007   1.3118288341652709E-007   2.5240361232910448E-008   1.5642324464943753E-007
   1.0024937801063061E-003   1.9370943167071582E-007   1.9370943167071582E-007   3.3980148457398332E-008   2.2768958012811416E-007
   1.1069423053413627E-003   2.8597592264983240E-007   2.8597592264983240E-007   4.5746192198521514E-008   3.3172211484835390E-007
   1.2222731020301583E-003   4.2195134428645156E-007   4.2195134428645156E-007   6.1586355852787726E-008   4.8353770013923927E-007
   1.3496201718226077E-003   6.2217228668753823E-007   6.2217228668753823E-007   8.2911374203669854E-008   7.0508366089120810E-007
   1.4902353286743162E-003   9.1672313663377082E-007   9.1672313663377082E-007   1.1162041201831775E-007   1.0283435486520885E-006
   1.6455008881166577E-003   1.3495899124673748E-006   1.3495899124673748E-006   1.5027023007546184E-007   1.4998601425428366E-006
   1.8169435206800699E-003   1.9849510902938428E-006   1.9849510902938428E-006   2.0230299343862157E-007   2.1872540837324643E-006
   2.0062483381479974E-003   2.9163233376076976E-006   2.9163233376076976E-006   2.7235252718520511E-007   3.1886758647929026E-006
   2.2152769379317752E-003   4.2795214215816846E-006   4.2795214215816846E-006   3.6665750213993712E-007   4.6461789237216216E-006
   2.4460835848003626E-003   6.2714993350305777E-006   6.2714993350305777E-006   4.9361613341597629E-007   6.7651154684465537E-006
   2.7009379118680945E-003   9.1769721345771406E-006   9.1769721345771406E-006   6.6453524591763823E-007   9.8415073804947788E-006
   2.9823449440300460E-003   1.3406060892270862E-005   1.3406060892270862E-005   8.9463587178881603E-007   1.4300696764059678E-005
   3.2930714078247538E-003   1.9548506507712488E-005   1.9548506507712488E-005   1.2044098266252862E-006   2.0752916334337775E-005
   3.6361722741276017E-003   2.8447484375687245E-005   2.8447484375687245E-005   1.6214438715288724E-006   3.0068928247216116E-005
   4.0150200948119172E-003   4.1306155053201758E-005   4.1306155053201758E-005   2.1828756125354781E-006   4.3489030665737233E-005
   4.4333399273455134E-003   5.9832209597835086E-005   5.9832209597835086E-005   2.9387019691356229E-006   6.2770911566970708E-005
   4.8952437937259674E-003   8.6435729918857380E-005   8.6435729918857380E-005   3.9562281961678935E-006   9.0391958115025275E-005
   5.4052728228271025E-003   1.2450901875134422E-004   1.2450901875134422E-004   5.3260620227875748E-006   1.2983508077413179E-004
   5.9684407897293550E-003   1.7878001946197591E-004   1.7878001946197591E-004   7.1701780975037517E-006   1.8595019755947967E-004
   6.5902848728001144E-003   2.5582411470116175E-004   2.5582411470116175E-004   9.6527799640491456E-006   2.6547689466521090E-004
   7.2769178077578519E-003   3.6466159124862017E-004   3.6466159124862017E-004   1.2994906704805348E-005   3.7765649795342554E-004
   8.0350907519459707E-003   5.1758764139259335E-004   5.1758764139259335E-004   1.7494119702445170E-005   5.3508176109503852E-004
   8.8722556829452532E-003   7.3129794740179439E-004   7.3129794740179439E-004   2.3550947967159181E-005   7.5484889536895359E-004
   9.7966445609927195E-003   1.0279715192809482E-003   1.0279715192809482E-003   3.1704570608536563E-005   1.0596760898894848E-003
   1.0817344300448895E-002   1.4368716743860389E-003   1.4368716743860389E-003   4.2680722622874459E-005   1.4795523970089135E-003
   1.1944388970732692E-002   1.9958903480057264E-003   1.9958903480057264E-003   5.7456243609876168E-005   2.0533465916156026E-003
   1.3188858516514300E-002   2.7529074376928882E-003   2.7529074376928882E-003   7.7345897162229855E-005   2.8302533348551180E-003
   1.4562988653779026E-002   3.7676815034105734E-003   3.7676815034105734E-003   1.0411921717639041E-004   3.8718007205869637E-003
   1.6080286353826523E-002   5.1112356554606142E-003   5.1112356554606142E-003   1.4015753989293428E-004   5.2513931953535485E-003
   1.7755670472979553E-002   6.8663894200754272E-003   6.8663894200754272E-003   1.8866546492324468E-004   7.0550548849986723E-003
   1.9605610519647595E-002   9.1245112815233551E-003   9.1245112815233551E-003   2.5395485852398240E-004   9.3784661400473368E-003
   2.1648293361067772E-002   1.1978853855397870E-002   1.1978853855397870E-002   3.4182691390703224E-004   1.2320680769304902E-002
   2.3903800174593925E-002   1.5523375154639002E-002   1.5523375154639002E-002   4.6008531820155977E-004   1.5983460472840563E-002
   2.6394305750727654E-002   1.9838900367253946E-002   1.9838900367253946E-002   6.1922589922904067E-004   2.0458126266482985E-002
   2.9144294559955593E-002   2.5003044920263104E-002   2.5003044920263104E-002   8.3336207771713495E-004   2.5836406997980239E-002
   3.2180801033973701E-002   3.1102281985975068E-002   3.1102281985975068E-002   1.1214671941800081E-003   3.2223749180155074E-002
   3.5533674061298370E-002   3.8270836203364869E-002   3.8270836203364869E-002   1.5090390256316442E-003   3.9779875228996515E-002
   3.9235882461071007E-002   4.6786015863420731E-002   4.6786015863420731E-002   2.0303329310896712E-003   4.8816348794510404E-002
   4.3323814868927002E-002   5.7163993641080220E-002   5.7163993641080220E-002   2.7313431518576885E-003   5.9895336792937910E-002
   4.7656197100877769E-002   6.9677964998447819E-002   6.9677964998447819E-002   3.6322841977208678E-003   7.3310249196168686E-002
   5.1988579332828529E-002   8.4333848280652088E-002   8.4333848280652088E-002   4.7112419775215035E-003   8.9045090258173587E-002
   5.6320961564779275E-002  0.10124271880392625       0.10124271880392625        5.9837870928580892E-003  0.10722650589678434     
   6.0653343796730055E-002  0.12026785907003010       0.12026785907003010        7.4653320703580951E-003  0.12773319114038820     
   6.4985722303390517E-002  0.14096081090549048       0.14096081090549048        9.1711162065487087E-003  0.15013192711203918     
   6.9318108260631561E-002  0.16242200039482599       0.16242200039482599        1.1116203744045599E-002  0.17353820413887158     
   7.3650486767292023E-002  0.18330287068980808       0.18330287068980808        1.3315453971711570E-002  0.19661832466151966     
   7.7982872724533067E-002  0.20244311329644990       0.20244311329644990        1.5783532643721981E-002  0.21822664594017188     
   8.2315251231193529E-002  0.21935023086559180       0.21935023086559180        1.8534871846928262E-002  0.23788510271252006     
   8.6647629737854004E-002  0.23418642747386315       0.23418642747386315        2.1583688081492351E-002  0.25577011555535550     
   9.0980015695095062E-002  0.24759020989242092       0.24759020989242092        2.4943957873631090E-002  0.27253416776605199     
   9.6368782222270966E-002  0.26394235649136738       0.26394235649136738        2.9578878072229180E-002  0.29352123456359658     
  0.10175754129886626       0.28229861817622254       0.28229861817622254        3.4742693822882885E-002  0.31704131199910540     
  0.10714630782604216       0.30520348194496050       0.30520348194496050        4.0460599977672394E-002  0.34566408192263287     
  0.11253507435321806       0.33384126238363576       0.33384126238363576        4.6757091095460654E-002  0.38059835347909643     
  0.11792384088039397       0.36765375604908113       0.36765375604908113        5.3655955047155084E-002  0.42130971109623622     
  0.12331259995698926       0.40428898189778728       0.40428898189778728        6.1180231294111043E-002  0.46546921319189832     
  0.12870137393474582       0.44039357515118643       0.44039357515118643        6.9352236735860898E-002  0.50974581188704737     
  0.13409014046192172       0.47277686584344186       0.47277686584344186        7.8193440279041224E-002  0.55097030612248310     
  0.13947889208793640       0.49946249728803044       0.49946249728803044        8.7724507808471880E-002  0.58718700509650235     
  0.14486765861511230       0.51977125827024728       0.51977125827024728        9.7965351832161138E-002  0.61773661010240843     
  0.15025642514228821       0.53504742173672915       0.53504742173672915       0.10893494912838533       0.64398237086511445     
  0.15564519166946411       0.54824729931227267       0.54824729931227267       0.12065142602319129       0.66889872533546391     
  0.16103395819664001       0.56327204718629709       0.56327204718629709       0.13313202242696298       0.69640406961326007     
  0.16642272472381592       0.58285640989217535       0.58285640989217535       0.14639310037565098       0.72924951026782636     
  0.17181149125099179       0.60980881907460682       0.60980881907460682       0.16045005736775195       0.77025887644235880     
  0.17720025777816775       0.64241304427115864       0.64241304427115864       0.17531739618632211       0.81773044045748078     
  0.18258900940418243       0.67928968744861096       0.67928968744861096       0.19100861363002719       0.87029830107863815     
  0.18797777593135831       0.71754312652400976       0.71754312652400976       0.20753639842292759       0.92507952494693735     
  0.19336654245853424       0.75375906019309291       0.75375906019309291       0.22491235377259847       0.97867141396569135     
  0.19875530898571014       0.78502028592405537       0.78502028592405537       0.24314713644008551        1.0281674223641408     
  0.20414407551288605       0.80934766712763506       0.80934766712763506       0.26225043800286596        1.0715981051305010     
  0.20953284204006195       0.82734553077016459       0.82734553077016459       0.28223098575222116        1.1095765165223859     
  0.21492160856723788       0.84173089821017844       0.84173089821017844       0.30309652198718040        1.1448274201973589     
  0.22031037509441379       0.85532341268997292       0.85532341268997292       0.32485382656759776        1.1801772392575707     
  0.22569914162158966       0.87101069960264632       0.87101069960264632       0.34750864089287181        1.2185193404955181     
  0.23108789324760434       0.89105126912427779       0.89105126912427779       0.37106572531053533        1.2621169944348132     
  0.23647665977478027       0.91645225769156324       0.91645225769156324       0.39552904650385673        1.3119813041954200     
  0.24186542630195618       0.94677878963814932       0.94677878963814932       0.42090138236738212        1.3676801720055314     
  0.24725419282913208       0.98034438973966342       0.98034438973966342       0.44718464072910913        1.4275290304687727     
  0.25264295935630798        1.0145890298467031        1.0145890298467031       0.47437980788028267        1.4889688377269858     
  0.25803172588348389        1.0467727777205489        1.0467727777205489       0.50248680220010200        1.5492595799206508     
  0.26342049241065979        1.0749034418314152        1.0749034418314152       0.53150475427613775        1.6064081961075529     
  0.26880925893783575        1.0983066306660305        1.0983066306660305       0.56143174066502921        1.6597383713310596     
  0.27419802546501160        1.1175289003887776        1.1175289003887776       0.59226505411300789        1.7097939545017855     
  0.27958679199218750        1.1338481706679551        1.1338481706679551       0.62400094231202041        1.7578491129799754     
  0.28497555851936335        1.1491297116042511        1.1491297116042511       0.65663491413636810        1.8057646257406192     
  0.29036432504653931        1.1659862789943718        1.1659862789943718       0.69016150574673008        1.8561477847411019     
  0.29575309157371527        1.1857952980535698        1.1857952980535698       0.72457445426488143        1.9103697523184513     
  0.30114182829856878        1.2089257564702796        1.2089257564702796       0.75986644150711879        1.9687921979773984     
  0.30653059482574463        1.2351547437414043        1.2351547437414043       0.79602987081904586        2.0311846145604502     
  0.31191936135292053        1.2638212637930275        1.2638212637930275       0.83305595924373488        2.0968772230367625     
  0.31730812788009644        1.2927227598200699        1.2927227598200699       0.87093517638076545        2.1636579362008352     
  0.32269689440727234        1.3204665643309015        1.3204665643309015       0.90965715549629889        2.2301237198272004     
  0.32808566093444824        1.3464101295884126        1.3464101295884126       0.94921104004134582        2.2956211696297584     
  0.33347442746162415        1.3690274956531248        1.3690274956531248       0.98958521305458214        2.3586127087077067     
  0.33886319398880005        1.3885954860811112        1.3885954860811112        1.0307671165504948        2.4193626026316060     
  0.34425196051597590        1.4067668355348699        1.4067668355348699        1.0727439055148793        2.4795107410497490     
  0.34964072704315191        1.4239372003151645        1.4239372003151645        1.1155018440495983        2.5394390443647628     
  0.35502949357032781        1.4420353881216854        1.4420353881216854        1.1590265922120484        2.6010619803337338     
  0.36041826009750366        1.4613412213980428        1.4613412213980428        1.2033034642885747        2.6646446856866177     
  0.36580702662467957        1.4820261036176436        1.4820261036176436        1.2483169195953339        2.7303430232129777     
  0.37119579315185547        1.5053200583193631        1.5053200583193631        1.2940511395438536        2.7993711978632168     
  0.37658455967903137        1.5293116331819052        1.5293116331819052        1.3404895980551157        2.8698012312370209     
  0.38197332620620728        1.5541355601555460        1.5541355601555460        1.3876154484988321        2.9417510086543781     
  0.38736209273338318        1.5781312182450280        1.5781312182450280        1.4354111659846698        3.0135423842296980     
  0.39275082945823669        1.6014611795467015        1.6014611795467015        1.4838589232781010        3.0853201028248023     
  0.39813959598541260        1.6227483121000947        1.6227483121000947        1.5329409932332136        3.1556893053333086     
  0.40352836251258850        1.6428089484134341        1.6428089484134341        1.5826384551480990        3.2254474035615330     
  0.40891712903976440        1.6617980073751835        1.6617980073751835        1.6329325964533450        3.2947306038285284     
  0.41430589556694031        1.6800450753779654        1.6800450753779654        1.6838039654033292        3.3638490407812949     
  0.41969466209411621        1.6982205395928820        1.6982205395928820        1.7352333876591053        3.4334539272519873     
  0.42508342862129211        1.7171444777437443        1.7171444777437443        1.7872008069026566        3.5043452846464009     
  0.43047219514846802        1.7366313941130465        1.7366313941130465        1.8396865409887981        3.5763179351018444     
  0.43586096167564392        1.7572543154610030        1.7572543154610030        1.8926702274819474        3.6499245429429505     
  0.44124972820281982        1.7783457148013966        1.7783457148013966        1.9461315900768652        3.7244773048782616     
  0.44663849472999573        1.7998638518417278        1.7998638518417278        2.0000500871007412        3.7999139389424688     
  0.45202726125717163        1.8211289057685944        1.8211289057685944        2.0544051407265624        3.8755340464951571     
  0.45741602778434753        1.8422665325831018        1.8422665325831018        2.1091759489681565        3.9514424815512585     
  0.46280479431152344        1.8623012067440134        1.8623012067440134        2.1643417296053591        4.0266429363493721     
  0.46819356083869934        1.8820029065863897        1.8820029065863897        2.2198815155271912        4.1018844221135806     
  0.47358232736587524        1.9005969546005357        1.9005969546005357        2.2757746714880094        4.1763716260885451     
  0.47897109389305115        1.9189507765263312        1.9189507765263312        2.3320001835059534        4.2509509600322843     
  0.48435983061790466        1.9371989572447945        1.9371989572447945        2.3885367251944665        4.3257356824392605     
  0.48974859714508057        1.9554033069967063        1.9554033069967063        2.4453644598821809        4.4007677668788876     
  0.49513736367225647        1.9740790563789155        1.9740790563789155        2.5024618682431083        4.4765409246220234     
  0.50052613019943237        1.9928341471091802        1.9928341471091802        2.5598086599927323        4.5526428071019129     
  0.50591492652893066        2.0120876098776392        2.0120876098776392        2.6173842162542265        4.6294718261318657     
  0.51130366325378418        2.0314938784355578        2.0314938784355578        2.6751674156174179        4.7066612940529762     
  0.51669245958328247        2.0508009501049860        2.0508009501049860        2.7331389448591943        4.7839398949641803     
  0.52208119630813599        2.0700407231047433        2.0700407231047433        2.7912778625328243        4.8613185856375676     
  0.52746993303298950        2.0889201542711131        2.0889201542711131        2.8495644012896526        4.9384845555607662     
  0.53285872936248779        2.1073745794701675        2.1073745794701675        2.9079796627918664        5.0153542422620339     
  0.53824746608734131        2.1256544641307848        2.1256544641307848        2.9665027823867387        5.0921572465175231     
  0.54363626241683960        2.1434320513870597        2.1434320513870597        3.0251157361378338        5.1685477875248935     
  0.54902499914169312        2.1611805718524399        2.1611805718524399        3.0837981173961286        5.2449786892485690     
  0.55441379547119141        2.1788209172889057        2.1788209172889057        3.1425323833179033        5.3213533006068090     
  0.55980253219604492        2.1964297368617425        2.1964297368617425        3.2012988504221398        5.3977285872838827     
  0.56519132852554321        2.2142213437423943        2.2142213437423943        3.2600802990168751        5.4743016427592694     
  0.57058006525039673        2.2321018253515645        2.2321018253515645        3.3188578379009490        5.5509596632525131     
  0.57596886157989502        2.2499722840800978        2.2499722840800978        3.3776150431848881        5.6275873272649859     
  0.58135759830474854        2.2678589842908465        2.2678589842908465        3.4363329637140918        5.7041919480049383     
  0.58674639463424683        2.2857210778486352        2.2857210778486352        3.4949962280507649        5.7807173058994001     
  0.59213513135910034        2.3033295366028814        2.3033295366028814        3.5535867589934291        5.8569162955963101     
  0.59752392768859863        2.3208693890898746        2.3208693890898746        3.6120895904764434        5.9329589795663180     
  0.60291266441345215        2.3382272486739337        2.3382272486739337        3.6704872972835503        6.0087145459574840     
  0.60830146074295044        2.3552774534938141        2.3552774534938141        3.7287658213640729        6.0840432748578870     
  0.61369019746780396        2.3722997770255811        2.3722997770255811        3.7869084160288846        6.1592081930544662     
  0.61907899379730225        2.3891964808608215        2.3891964808608215        3.8449016888076333        6.2340981696684548     
  0.62446773052215576        2.4060431154287154        2.4060431154287154        3.9027298617774955        6.3087729772062104     
  0.62985646724700928        2.4228559296410488        2.4228559296410488        3.9603790904075540        6.3832350200486028     
  0.68127381801605225        2.5809325995924097        2.5809325995924097        4.4989650218833095        7.0798976214757197     
  0.73688852787017822        2.7446209060446374        2.7446209060446374        5.0504181962942489        7.7950391023388867     
  0.79704326391220093        2.9141006397131859        2.9141006397131859        5.6007692924734487        8.5148699321866346     
  0.86210858821868896        3.0895509260690130        3.0895509260690130        6.1353228292818551        9.2248737553508686     
  0.93248546123504639        3.2707297578312904        3.2707297578312904        6.6397536585228121        9.9104834163541025     
   1.0086073875427246        3.4579294248897630        3.4579294248897630        7.1014334747645984        10.559362899654362     
   1.0909434556961060        3.6508426106380445        3.6508426106380445        7.5098921576663553        11.160734768304399     
   1.1800009012222290        3.8496018801058196        3.8496018801058196        7.8579948024201336        11.707596682525953     
   1.2763283252716064        4.0542142494440352        4.0542142494440352        8.1413197364389678        12.195533985883003     
   1.3805193901062012        4.2645769613114748        4.2645769613114748        8.3589508752522654        12.623527836563740     
   1.4932159185409546        4.4806507041162851        4.4806507041162851        8.5126785497109729        12.993329253827259     
   1.6151121854782104        4.7024870178732483        4.7024870178732483        8.6063456002440759        13.308832618117325     
   1.7469592094421387        4.9300202252674676        4.9300202252674676        8.6463301172050340        13.576350342472502     
   1.8895695209503174        5.1631695902335419        5.1631695902335419        8.6387122564120453        13.801881846645587     
   1.9711295366287231        5.2910704901302141        5.2910704901302141        8.6177391932949341        13.908809683425147     
   2.4582746028900146        5.9858040848268272        5.9858040848268272        8.3578841193503841        14.343688204177212     
   3.0658125877380367        6.7240239812868747        6.7240239812868747        7.9312892079007931        14.655313189187668     
   3.8234977722167969        7.5048164418741647        7.5048164418741647        7.4198435455750307        14.924659987449196     
   4.7684373855590820        8.3270934962212646        8.3270934962212646        6.8749923703599496        15.202085866581214     
   5.9469089508056632        9.1897454212493646        9.1897454212493646        6.3280256235381991        15.517771044787564     
   7.4166288375854492        10.091761379958244        10.091761379958244        5.7970752552095126        15.888836635167756     
   9.2495746612548828        11.031971084246077        11.031971084246077        5.2923624550030963        16.324333539249174     
   11.535514831542971        12.009168885676571        12.009168885676571        4.8197837144550970        16.828952600131668     
   14.386403083801270        13.022065650302986        13.022065650302986        4.3835315802334405        17.405597230536426     
   17.941860198974609        14.069214289545144        14.069214289545144        3.9887051294424629        18.057919418987606     
   22.376010894775387        15.149111426577273        15.149111426577273        3.6378002194895456        18.786911646066820     
   27.906021118164059        16.259861422167241        16.259861422167241        3.3250939662723700        19.584955388439610     
   34.802715301513665        17.399013561621512        17.399013561621512        3.0415339148630540        20.440547476484568     
   43.403861999511719        18.563254315665304        18.563254315665304        2.7842577273007563        21.347512042966059     
   54.130695343017578        19.747765811544703        19.747765811544703        2.5457639617540848        22.293529773298786     
   67.508560180664062        20.945597615276849        20.945597615276849        2.3164834274761215        23.262081042752971     
   84.192626953125000        22.146017302015942        22.146017302015942        2.1129584544043296        24.258975756420270     
   104.99999237060543        23.333533809578324        23.333533809578324        1.9381345502056606        25.271668359783984     
