   1.0497607945580963E-005   3.1663939435455557E-015   3.1663940217688279E-015   1.1305564013816019E-029   3.1663940218982011E-015
   1.1591339898586732E-005   4.6756130135445553E-015   4.6756129749811728E-015   2.2625348469381263E-029   4.6756129752195768E-015
   1.2799026990251152E-005   6.9041824179474443E-015   6.9041824936961980E-015   4.5279171712607475E-029   6.9041824941355233E-015
   1.4132539945421730E-005   1.0194965750887974E-014   1.0194965633087206E-014   9.0615260043196784E-029   1.0194965633896778E-014
   1.5604990039719259E-005   1.5054256581260887E-014   1.5054257279119508E-014   1.8134444642604918E-028   1.5054257280611364E-014
   1.7230853700311858E-005   2.2229666902367325E-014   2.2229666498702962E-014   3.6291703558549778E-028   2.2229666501452101E-014
   1.9026114387088472E-005   3.2825143435019196E-014   3.2825142343366263E-014   7.2629075090976407E-028   3.2825142348432290E-014
   2.1008419935242280E-005   4.8470804000125114E-014   4.8470803108122097E-014   1.4534949218426975E-027   4.8470803117457591E-014
   2.3197258997242881E-005   7.1573753815652166E-014   7.1573755492591789E-014   2.9088176005746756E-027   7.1573755509794914E-014
   2.5614152036723674E-005   1.0568843940026277E-013   1.0568844112236627E-013   5.8212958369415564E-027   1.0568844115406760E-013
   2.8282855055294934E-005   1.5606337374111267E-013   1.5606336751714066E-013   1.1649908769254939E-026   1.5606336757555870E-013
   3.1229610613081618E-005   2.3044894257171680E-013   2.3044893357651816E-013   2.3314482188110906E-026   2.3044893368416897E-013
   3.4483382478356355E-005   3.4028932441025604E-013   3.4028932013251846E-013   4.6658288494510701E-026   3.4028932033089348E-013
   3.8076159398769946E-005   5.0248358454758817E-013   5.0248357986564917E-013   9.3375242603897004E-026   5.0248358023120767E-013
   4.2043262510560433E-005   7.4198549845980654E-013   7.4198552023029473E-013   1.8686787867795264E-025   7.4198552090393266E-013
   4.6423694584518691E-005   1.0956428935596378E-012   1.0956428904468366E-012   3.7397079903039302E-025   1.0956428916881922E-012
   5.1260518375784186E-005   1.6178663574443341E-012   1.6178663222846974E-012   7.4841200530009044E-025   1.6178663245722238E-012
   5.6601285905344405E-005   2.3890008539554086E-012   2.3890008886950830E-012   1.4977656793608447E-024   2.3890008929104560E-012
   6.2498496845364544E-005   3.5276854059516873E-012   3.5276853038030335E-012   2.9974144393311759E-024   3.5276853115709691E-012
   6.9010129664093242E-005   5.2091082120507690E-012   5.2091083153149619E-012   5.9985971015882093E-024   5.2091083296294323E-012
   7.6200209150556434E-005   7.6919615070817480E-012   7.6919616451015281E-012   1.2004744825671489E-023   7.6919616714797330E-012
   8.4139406681060791E-005   1.1358230429134365E-011   1.1358230317025979E-011   2.4024585639059727E-023   1.1358230365634783E-011
   9.2905778728891164E-005   1.6771976738471551E-011   1.6771976146541496E-011   4.8079382892621914E-023   1.6771976236116041E-011
   1.0258550901198752E-004   2.4766113309430904E-011   2.4766112727692153E-011   9.6219238018223027E-023   2.4766112892756916E-011
   1.1327375977998591E-004   3.6570550059241277E-011   3.6570548586501423E-011   1.9255952251901333E-022   3.6570548890676879E-011
   1.2507560313679289E-004   5.4001409739125957E-011   5.4001410812991577E-011   3.8536123942123655E-022   5.4001411373515190E-011
   1.3810706150252369E-004   7.9740445853497331E-011   7.9740443084387407E-011   7.7120703713911424E-022   7.9740444117300038E-011
   1.5249625721480703E-004   1.1774766490658540E-010   1.1774765819795048E-010   1.5433843158190724E-021   1.1774766010136504E-010
   1.6838463488966221E-004   1.7387047822577563E-010   1.7387047230616625E-010   3.0887090916164286E-021   1.7387047581370952E-010
   1.8592840933706603E-004   2.5674350769115146E-010   2.5674351285286979E-010   6.1813034761903918E-021   2.5674351931644508E-010
   2.0530004985630496E-004   3.7911687744855291E-010   3.7911687191604973E-010   1.2370383776329522E-020   3.7911688382689598E-010
   2.2668998281005773E-004   5.5981774885554448E-010   5.5981773818578653E-010   2.4756320481542578E-020   5.5981776013466137E-010
   2.5030851247720415E-004   8.2664733061703965E-010   8.2664728750050168E-010   4.9543775143326993E-020   8.2664732794709750E-010
   2.7638784376904352E-004   1.2206579515262911E-009   1.2206578715339477E-009   9.9149910151147906E-020   1.2206579460675118E-009
   3.0518430867232361E-004   1.8024676594459761E-009   1.8024675480151654E-009   1.9842443944968408E-019   1.8024676853628875E-009
   3.3698105835355824E-004   2.6615895646554083E-009   2.6615894751553982E-009   3.9709844838065758E-019   2.6615897282548490E-009
   3.7209066795185214E-004   3.9302002834038267E-009   3.9301998906862171E-009   7.9469632864295573E-019   3.9302003570887762E-009
   4.1085830889642222E-004   5.8034775941609064E-009   5.8034771605195824E-009   1.5903923571049470E-018   5.8034780199895516E-009
   4.5366509584710002E-004   8.5696271488151029E-009   8.5696257324606333E-009   3.1827851795512391E-018   8.5696273162610493E-009
   5.0093187019228914E-004   1.2654225143744793E-008   1.2654223159820016E-008   6.3695737881876776E-018   1.2654226078390689E-008
   5.5312330368906249E-004   1.8685691478915413E-008   1.8685687175141792E-008   1.2747159599168535E-017   1.8685692553379165E-008
   6.1075249686837186E-004   2.7591975672057125E-008   2.7591967011560914E-008   2.5510354120612910E-017   2.7591976922384140E-008
   6.7438598489388834E-004   4.0743317103544029E-008   4.0743300772982216E-008   5.1052786684351051E-017   4.0743319036288892E-008
   7.4464938370510947E-004   6.0163074437298346E-008   6.0163044157313177E-008   1.0216979884894411E-016   6.0163077812282172E-008
   8.2223338540643454E-004   8.8838978517654688E-008   8.8838921143470133E-008   2.0446802974802595E-016   8.8838983161618039E-008
   9.0790080139413443E-004   1.3118288341652709E-007   1.3118277029170153E-007   4.0919321993255931E-016   1.3118288457651134E-007
   1.0024937801063061E-003   1.9370943167071582E-007   1.9370919724329045E-007   8.1890100721793270E-016   1.9370940784319920E-007
   1.1069423053413627E-003   2.8597592264983240E-007   2.8597546819967319E-007   1.6388320924502377E-015   2.8597585626259580E-007
   1.2222731020301583E-003   4.2195134428645156E-007   4.2195046710586757E-007   3.2797237932790148E-015   4.2195118206171815E-007
   1.3496201718226077E-003   6.2217228668753823E-007   6.2217059836687095E-007   6.5635732377690009E-015   6.2217191534701016E-007
   1.4902353286743162E-003   9.1672313663377082E-007   9.1671979642765451E-007   1.3135400126274770E-014   9.1672222187625164E-007
   1.6455008881166577E-003   1.3495899124673748E-006   1.3495833400015779E-006   2.6287303401549301E-014   1.3495878058703663E-006
   1.8169435206800699E-003   1.9849510902938428E-006   1.9849383104882146E-006   5.2607665404106305E-014   1.9849465311578376E-006
   2.0062483381479974E-003   2.9163233376076976E-006   2.9162986020503313E-006   1.0528139979374733E-013   2.9163137300914228E-006
   2.2152769379317752E-003   4.2795214215816846E-006   4.2794730767475240E-006   2.1069523359810737E-013   4.2795009069004350E-006
   2.4460835848003626E-003   6.2714993350305777E-006   6.2714055304375613E-006   4.2165493099494907E-013   6.2714567091854947E-006
   2.7009379118680945E-003   9.1769721345771406E-006   9.1767903636866750E-006   8.4383935483954124E-013   9.1768844416236746E-006
   2.9823449440300460E-003   1.3406060892270862E-005   1.3405708087379075E-005   1.6887366615097786E-012   1.3405880944917166E-005
   3.2930714078247538E-003   1.9548506507712488E-005   1.9547823679178162E-005   3.3795883625078053E-012   1.9548141128357789E-005
   3.6361722741276017E-003   2.8447484375687245E-005   2.8446166948109127E-005   6.7634056121321539E-012   2.8446749614856189E-005
   4.0150200948119172E-003   4.1306155053201758E-005   4.1303616052841987E-005   1.3535249296794738E-011   4.1304684873690599E-005
   4.4333399273455134E-003   5.9832209597835086E-005   5.9827336647846347E-005   2.7087344965361911E-011   5.9829295959413050E-005
   4.8952437937259674E-003   8.6435729918857380E-005   8.6426388583414200E-005   5.4208225701257585E-011   8.6429977678826767E-005
   5.4052728228271025E-003   1.2450901875134422E-004   1.2449118278305595E-004   1.0848309412096342E-010   1.2449775216951276E-004
   5.9684407897293550E-003   1.7878001946197591E-004   1.7874604093158237E-004   2.1709809388541127E-010   1.7875805483768935E-004
   6.5902848728001144E-003   2.5582411470116175E-004   2.5575966239171471E-004   4.3445624218054696E-010   2.5578161233187212E-004
   7.2769178077578519E-003   3.6466159124862017E-004   3.6453976105545860E-004   8.6942070123463324E-010   3.6457982204010614E-004
   8.0350907519459707E-003   5.1758764139259335E-004   5.1735838584393600E-004   1.7398239505549651E-009   5.1743141521146889E-004
   8.8722556829452532E-003   7.3129794740179439E-004   7.3086858013314180E-004   3.4815062708461487E-009   7.3100154035749692E-004
   9.7966445609927195E-003   1.0279715192809482E-003   1.0271716516267366E-003   6.9664264639885543E-009   1.0274133778640378E-003
   1.0817344300448895E-002   1.4368716743860389E-003   1.4353915144976190E-003   1.3938767296257236E-008   1.4358302814708919E-003
   1.1944388970732692E-002   1.9958903480057264E-003   1.9931710122652242E-003   2.7886648274993690E-008   1.9939660126380002E-003
   1.3188858516514300E-002   2.7529074376928882E-003   2.7479494538036157E-003   5.5783480789634426E-008   2.7493869703163689E-003
   1.4562988653779026E-002   3.7676815034105734E-003   3.7587130573997780E-003   1.1156357022082655E-007   3.7613064097967146E-003
   1.6080286353826523E-002   5.1112356554606142E-003   5.0951470649002123E-003   2.2304972029717311E-007   5.0998131379869291E-003
   1.7755670472979553E-002   6.8663894200754272E-003   6.8377796265501715E-003   4.4573615316464001E-007   6.8461494310842934E-003
   1.9605610519647595E-002   9.1245112815233551E-003   9.0741262040072677E-003   8.9012935982702216E-007   9.0890866770034478E-003
   2.1648293361067772E-002   1.1978853855397870E-002   1.1891214029277175E-002   1.7757570328421113E-006   1.1917844378522375E-002
   2.3903800174593925E-002   1.5523375154639002E-002   1.5373278729179932E-002   3.5371832501178466E-006   1.5420457651805195E-002
   2.6394305750727654E-002   1.9838900367253946E-002   1.9586988662892716E-002   7.0301751052665687E-006   1.9670110583735138E-002
   2.9144294559955593E-002   2.5003044920263104E-002   2.4590122902397617E-002   1.3927098764961347E-005   2.4735649677546087E-002
   3.2180801033973701E-002   3.1102281985975068E-002   3.0442420331681191E-002   2.7459816597278620E-005   3.0695387632718805E-002
   3.5533674061298370E-002   3.8270836203364869E-002   3.7241422089781727E-002   5.3773632510908675E-005   3.7677617174291252E-002
   3.9235882461071007E-002   4.6786015863420731E-002   4.5209443107087195E-002   1.0428647023723988E-004   4.5954860210712954E-002
   4.3323814868927002E-002   5.7163993641080220E-002   5.4770741364267364E-002   1.9953345023341590E-004   5.6031702846662666E-002
   4.7656197100877769E-002   6.9677964998447819E-002   6.6096165945319335E-002   3.6603292232626562E-004   6.8163073915920636E-002
   5.1988579332828529E-002   8.4333848280652088E-002   7.9089420435071292E-002   6.2491791882837992E-004   8.2297639111979792E-002
   5.6320961564779275E-002  0.10124271880392625        9.3742116562726963E-002   1.0023474300367842E-003   9.8488659123473224E-002
   6.0653343796730055E-002  0.12026785907003010       0.10982860034427755        1.5226444179897247E-003  0.11655753266101562     
   6.4985722303390517E-002  0.14096081090549048       0.12688447365928188        2.2062301698531324E-003  0.13606627296217927     
   6.9318108260631561E-002  0.16242200039482599       0.14414439397567122        3.0686385234849740E-003  0.15625076461982099     
   7.3650486767292023E-002  0.18330287068980808       0.16059441232736091        4.1206423133377575E-003  0.17607232820623853     
   7.7982872724533067E-002  0.20244311329644990       0.17549142778728630        5.3691932103367944E-003  0.19475118161717153     
   8.2315251231193529E-002  0.21935023086559180       0.18866716625103058        6.8186665488016015E-003  0.21208724663182293     
   8.6647629737854004E-002  0.23418642747386315       0.20041223956000853        8.4720888330868365E-003  0.22835252652123314     
   9.0980015695095062E-002  0.24759020989242092       0.21132927767425311        1.0332081996336642E-002  0.24414894497433445     
   9.6368782222270966E-002  0.26394235649136738       0.22498508314540644        1.2938214949832048E-002  0.26440726355430322     
  0.10175754129886626       0.28229861817622254       0.24019838574010230        1.5875166574306831E-002  0.28688398411559074     
  0.10714630782604216       0.30520348194496050       0.25832310911670159        1.9151488211233279E-002  0.31302780197100954     
  0.11253507435321806       0.33384126238363576       0.27964739493875562        2.2777441108656794E-002  0.34318449662775496     
  0.11792384088039397       0.36765375604908113       0.30350048859796269        2.6764772293287043E-002  0.37668607270082904     
  0.12331259995698926       0.40428898189778728       0.32838690668896359        3.1126406040822653E-002  0.41197785277478649     
  0.12870137393474582       0.44039357515118643       0.35255056258510825        3.5876187664053469E-002  0.44720938572658858     
  0.13409014046192172       0.47277686584344186       0.37465882354955882        4.1028583294815943E-002  0.48096190644999098     
  0.13947889208793640       0.49946249728803044       0.39417605144226719        4.6598522655174203E-002  0.51265384350144916     
  0.14486765861511230       0.51977125827024728       0.41123420217018042        5.2601289640687998E-002  0.54241353377078794     
  0.15025642514228821       0.53504742173672915       0.42664311613253869        5.9052309757256574E-002  0.57110289767037881     
  0.15564519166946411       0.54824729931227267       0.44180002715525879        6.5967138573193751E-002  0.60023473894087065     
  0.16103395819664001       0.56327204718629709       0.45813204219341369        7.3361373358288642E-002  0.63137835558903255     
  0.16642272472381592       0.58285640989217535       0.47608410135805745        8.1250603801813454E-002  0.66505126153851724     
  0.17181149125099179       0.60980881907460682       0.49673145880940550        8.9650392353992109E-002  0.70246962380961442     
  0.17720025777816775       0.64241304427115864       0.51858323001188344        9.8576240775670718E-002  0.74203519162202403     
  0.18258900940418243       0.67928968744861096       0.54127080468165978       0.10804352943612791       0.78336807324069258     
  0.18797777593135831       0.71754312652400976       0.56382691303410348       0.11806763487950409       0.82541911205880381     
  0.19336654245853424       0.75375906019309291       0.58551040096571572       0.12866374115610485       0.86737694625478123     
  0.19875530898571014       0.78502028592405537       0.60608778883820646       0.13984695031647301       0.90898593443311293     
  0.20414407551288605       0.80934766712763506       0.62488464342320893       0.15163222318774983       0.94949225548634819     
  0.20953284204006195       0.82734553077016459       0.64233961013637175       0.16403440970542960       0.98938175576371901     
  0.21492160856723788       0.84173089821017844       0.65968390581690495       0.17706824060345006        1.0300409058889068     
  0.22031037509441379       0.85532341268997292       0.67707965434397166       0.19074826417413390        1.0716652392193486     
  0.22569914162158966       0.87101069960264632       0.69502109916403665       0.20508894833482566        1.1148304512092206     
  0.23108789324760434       0.89105126912427779       0.71369247217734211       0.22010451058161201        1.1597662547456953     
  0.23647665977478027       0.91645225769156324       0.73282843865551295       0.23580921884075198        1.2061906298374898     
  0.24186542630195618       0.94677878963814932       0.75240727324057788       0.25221699306035644        1.2540965770323880     
  0.24725419282913208       0.98034438973966342       0.77215404328034376       0.26934174125445853        1.3031848643458437     
  0.25264295935630798        1.0145890298467031       0.79168128818055505       0.28719709884797529        1.3530214218267265     
  0.25803172588348389        1.0467727777205489       0.81076078095098081       0.30579667352449291        1.4033508678907811     
  0.26342049241065979        1.0749034418314152       0.82939819932186831       0.32515380112425901        1.4541861525055946     
  0.26880925893783575        1.0983066306660305       0.84783660210342948       0.34528176158314100        1.5058176307998379     
  0.27419802546501160        1.1175289003887776       0.86559195581075388       0.36619358754651354        1.5576865146388232     
  0.27958679199218750        1.1338481706679551       0.88347455567580679       0.38790221837466049        1.6107493029204618     
  0.28497555851936335        1.1491297116042511       0.90102879187536167       0.41042038085129218        1.6644804188771689     
  0.29036432504653931        1.1659862789943718       0.91888669752767893       0.43376069011826068        1.7196358702198660     
  0.29575309157371527        1.1857952980535698       0.93670340502591420       0.45793553912545565        1.7758198549982562     
  0.30114182829856878        1.2089257564702796       0.95455122350483501       0.48295703521267702        1.8331284727044639     
  0.30653059482574463        1.2351547437414043       0.97219186195417107       0.50883754269780279        1.8912873857827632     
  0.31191936135292053        1.2638212637930275       0.99015205390277905       0.53558883270026336        1.9509371322815376     
  0.31730812788009644        1.2927227598200699        1.0078312236545968       0.56322264232218600        2.0113672115667192     
  0.32269689440727234        1.3204665643309015        1.0252302227908379       0.59175053409086764        2.0725849073600822     
  0.32808566093444824        1.3464101295884126        1.0429331584143349       0.62118393714389042        2.1353058611370233     
  0.33347442746162415        1.3690274956531248        1.0598899909812174       0.65153397695844595        2.1982633094090573     
  0.33886319398880005        1.3885954860811112        1.0769979917739338       0.68281177096018708        2.2625546536218222     
  0.34425196051597590        1.4067668355348699        1.0940329271159601       0.71502807640582344        2.3279155223444747     
  0.34964072704315191        1.4239372003151645        1.1108674901649340       0.74819370884415026        2.3941972635552440     
  0.35502949357032781        1.4420353881216854        1.1278405322934364       0.78231905842865579        2.4618246984373271     
  0.36041826009750366        1.4613412213980428        1.1446898628518638       0.81741448153481866        2.5304830134155130     
  0.36580702662467957        1.4820261036176436        1.1609323414743171       0.85349004042015686        2.5995776072466841     
  0.37119579315185547        1.5053200583193631        1.1779595045686257       0.89055578575327787        2.6708467817662638     
  0.37658455967903137        1.5293116331819052        1.1943525823875678       0.92862140772822621        2.7425306621206964     
  0.38197332620620728        1.5541355601555460        1.2108367185307631       0.96769653161438240        2.8155407663804670     
  0.38736209273338318        1.5781312182450280        1.2271233704204676        1.0077905336768049        2.8895218463036452     
  0.39275082945823669        1.6014611795467015        1.2435948595730799        1.0489123602842152        2.9649624826442147     
  0.39813959598541260        1.6227483121000947        1.2595163953846882        1.0910715534142872        3.0409396746068014     
  0.40352836251258850        1.6428089484134341        1.2757150144135612        1.1342766107699909        3.1185070955659491     
  0.40891712903976440        1.6617980073751835        1.2916563507795773        1.1785362223988824        3.1969919365480943     
  0.41430589556694031        1.6800450753779654        1.3075717453107760        1.2238588969357695        3.2766945469114721     
  0.41969466209411621        1.6982205395928820        1.3233168836256906        1.2702527825060794        3.3574352104089815     
  0.42508342862129211        1.7171444777437443        1.3392366192176792        1.3177260970708213        3.4396637805948513     
  0.43047219514846802        1.7366313941130465        1.3547357871724806        1.3662866007574885        3.5226171813516354     
  0.43586096167564392        1.7572543154610030        1.3704488123114695        1.4159420433510634        3.6071210826160596     
  0.44124972820281982        1.7783457148013966        1.3859412959917132        1.4666998881580708        3.6926172914208935     
  0.44663849472999573        1.7998638518417278        1.4013506621816756        1.5185675088864456        3.7792885992821854     
  0.45202726125717163        1.8211289057685944        1.4166338623214039        1.5715519850466535        3.8670828371131929     
  0.45741602778434753        1.8422665325831018        1.4319880724238843        1.6256603140248764        3.9562635764709224     
  0.46280479431152344        1.8623012067440134        1.4471341159194260        1.6808990710300211        4.0464676154433707     
  0.46819356083869934        1.8820029065863897        1.4622318593803834        1.7372749889394885        4.1379094752900238     
  0.47358232736587524        1.9005969546005357        1.4772210092856350        1.7947943786184599        4.2305130310977876     
  0.47897109389305115        1.9189507765263312        1.4922508314690304        1.8534634855547860        4.3244808217977262     
  0.48435983061790466        1.9371989572447945        1.5071442003790168        1.9132877458675182        4.4195799266646647     
  0.48974859714508057        1.9554033069967063        1.5219032061528335        1.9742737161929746        4.5158166102938964     
  0.49513736367225647        1.9740790563789155        1.5366784076527311        2.0364268743919514        4.6133959623370098     
  0.50052613019943237        1.9928341471091802        1.5513623007172939        2.0997522767986960        4.7121763033326678     
  0.50591492652893066        2.0120876098776392        1.5659791528881906        2.1642559097220824        4.8121940425413445     
  0.51130366325378418        2.0314938784355578        1.5804777997848352        2.2299414428823381        4.9133805597147555     
  0.51669245958328247        2.0508009501049860        1.5949122023505986        2.2968151890433779        5.0158131721493060     
  0.52208119630813599        2.0700407231047433        1.6092856628849954        2.3648804873544731        5.1194971395890505     
  0.52746993303298950        2.0889201542711131        1.6236571479917890        2.4341425225722526        5.2245165624699128     
  0.53285872936248779        2.1073745794701675        1.6378353220117350        2.5046063441535815        5.3306116315484768     
  0.53824746608734131        2.1256544641307848        1.6520287077289122        2.5762744878581456        5.4380687618984060     
  0.54363626241683960        2.1434320513870597        1.6661459834895844        2.6491526803684757        5.5467662976260028     
  0.54902499914169312        2.1611805718524399        1.6802220000875674        2.7232426512973844        5.6567516030520508     
  0.55441379547119141        2.1788209172889057        1.6941960592351193        2.7985500195129647        5.7679442011412316     
  0.55980253219604492        2.1964297368617425        1.7080978198843861        2.8750762845674287        5.8803839991350371     
  0.56519132852554321        2.2142213437423943        1.7219413543738984        2.9528263660612488        5.9940937554079099     
  0.57058006525039673        2.2321018253515645        1.7357455600061944        3.0318017678946543        6.1090991583557663     
  0.57596886157989502        2.2499722840800978        1.7494592095788013        3.1120068982453213        6.2253308195114290     
  0.58135759830474854        2.2678589842908465        1.7631153021752093        3.1934426249746775        6.3428334814246758     
  0.58674639463424683        2.2857210778486352        1.7767577784384447        3.2761132750736039        6.4616721990829475     
  0.59213513135910034        2.3033295366028814        1.7902326508802666        3.3600195615087505        6.5816266409068254     
  0.59752392768859863        2.3208693890898746        1.8037066645461806        3.4451655440491962        6.7029359827607786     
  0.60291266441345215        2.3382272486739337        1.8171766439086476        3.5315510386249191        6.8255937836964966     
  0.60830146074295044        2.3552774534938141        1.8304850859040431        3.6191798031435112        6.9493766579886094     
  0.61369019746780396        2.3722997770255811        1.8437850044809327        3.7080515027403558        7.0745010427212556     
  0.61907899379730225        2.3891964808608215        1.8570147985132475        3.7981699077287256        7.2008808282052623     
  0.62446773052215576        2.4060431154287154        1.8702020890891857        3.8895343165204741        7.3285528580570887     
  0.62985646724700928        2.4228559296410488        1.8833246016941856        3.9821465336371231        7.4574849743131866     
  0.68127381801605225        2.5809325995924097        2.0056741951217392        4.9287111008034454        8.7514340877166124     
  0.73688852787017822        2.7446209060446374        2.1326878178857553        6.0805914561378174        10.280259278892729     
  0.79704326391220093        2.9141006397131859        2.2642552362518455        7.4746856060872178        12.082123040105520     
  0.86210858821868896        3.0895509260690130        2.4004610643478661        9.1517806532220529        14.199216989262645     
  0.93248546123504639        3.2707297578312904        2.5412485356953725        11.156069097688212        16.676719614627334     
   1.0086073875427246        3.4579294248897630        2.6866796317161277        13.534356792952632        19.562379123388904     
   1.0909434556961060        3.6508426106380445        2.8366091098043000        16.334998210634222        22.904874370655072     
   1.1800009012222290        3.8496018801058196        2.9911778328320966        19.606613287501638        26.753360652946441     
   1.2763283252716064        4.0542142494440352        3.1502459838512467        23.396708199904971        31.155109223789378     
   1.3805193901062012        4.2645769613114748        3.3138535665147928        27.750442187529647        36.155114236768455     
   1.4932159185409546        4.4806507041162851        3.4819504542013355        32.709715725391263        41.794747036759475     
   1.6151121854782104        4.7024870178732483        3.6545691517276890        38.312936213128822        48.111927102043410     
   1.7469592094421387        4.9300202252674676        3.8315721040299446        44.595600367867519        55.141302258482774     
   1.8895695209503174        5.1631695902335419        4.0130350476720267        51.591800391354965        62.916631833495565     
   1.9711295366287231        5.2910704901302141        4.1125709809890481        55.667003947843547        67.424654286635317     
   2.4582746028900146        5.9858040848268272        4.6540731847664887        80.742809647601419        94.915151808830345     
   3.0658125877380367        6.7240239812868747        5.2280237958997979        113.00206009227774        129.84660528311053     
   3.8234977722167969        7.5048164418741647        5.8350840255617751        153.90187920187461        173.69586530363213     
   4.7684373855590820        8.3270934962212646        6.4744036947918051        205.10246074129637        228.13793266664544     
   5.9469089508056632        9.1897454212493646        7.1451187168738119        268.35796353109481        294.93735884334046     
   7.4166288375854492        10.091761379958244        7.8464421925669470        345.26557514276686        375.69340111767912     
   9.2495746612548828        11.031971084246077        8.5774620460478523        437.17864442257633        471.75464991287521     
   11.535514831542971        12.009168885676571        9.3372413022995655        545.28256497041195        584.29955174568772     
   14.386403083801270        13.022065650302986        10.124777924908130        670.39402237988088        714.13301178595191     
   17.941860198974609        14.069214289545144        10.938944680189449        812.97867373328859        861.70599633609686     
   22.376010894775387        15.149111426577273        11.778575104190283        973.15574509463829        1027.1213208057043     
   27.906021118164059        16.259861422167241        12.642192830790520        1150.7052487699302        1210.1404350137116     
   34.802715301513665        17.399013561621512        13.527894419484221        1345.1298333051388        1410.2456803214914     
   43.403861999511719        18.563254315665304        14.433101687543573        1555.8735711486231        1626.8605067142366     
   54.130695343017578        19.747765811544703        15.354071578809497        1781.6495142711728        1858.6663999216357     
   67.508560180664062        20.945597615276849        16.285395654040514        2022.0634354376418        2105.2435822239559     
   84.192626953125000        22.146017302015942        17.218733622887388        2276.9754480562378        2366.4175645972705     
   104.99999237060543        23.333533809578324        18.142039226492983        2543.5137420203500        2639.2383700954056     
