#          k/h    CDM            baryon         photon         nu             mass_nu        total          no_nu          total_de       Weyl           v_CDM          v_b            v_b-v_c     
   0.104976E-04   0.161765E+08   0.161765E+08   0.215599E+08   0.215597E+08   0.161791E+08   0.161765E+08   0.161765E+08   0.161840E+08  -0.533825E+00   0.116229E+08   0.116229E+08   0.645740E+01
   0.115913E-04   0.161765E+08   0.161765E+08   0.215579E+08   0.215577E+08   0.161791E+08   0.161765E+08   0.161765E+08   0.161840E+08  -0.533825E+00   0.116229E+08   0.116229E+08   0.712998E+01
   0.127990E-04   0.161765E+08   0.161765E+08   0.215556E+08   0.215553E+08   0.161790E+08   0.161765E+08   0.161765E+08   0.161840E+08  -0.533825E+00   0.116229E+08   0.116229E+08   0.787256E+01
   0.141325E-04   0.161765E+08   0.161765E+08   0.215527E+08   0.215523E+08   0.161790E+08   0.161765E+08   0.161765E+08   0.161840E+08  -0.533825E+00   0.116229E+08   0.116229E+08   0.869241E+01
   0.156050E-04   0.161765E+08   0.161765E+08   0.215492E+08   0.215487E+08   0.161790E+08   0.161765E+08   0.161765E+08   0.161840E+08  -0.533825E+00   0.116229E+08   0.116229E+08   0.959755E+01
   0.172309E-04   0.161765E+08   0.161765E+08   0.215449E+08   0.215444E+08   0.161790E+08   0.161765E+08   0.161765E+08   0.161840E+08  -0.533824E+00   0.116229E+08   0.116229E+08   0.105968E+02
   0.190261E-04   0.161765E+08   0.161765E+08   0.215397E+08   0.215390E+08   0.161789E+08   0.161765E+08   0.161765E+08   0.161840E+08  -0.533824E+00   0.116229E+08   0.116229E+08   0.116999E+02
   0.210084E-04   0.161765E+08   0.161765E+08   0.215334E+08   0.215325E+08   0.161789E+08   0.161765E+08   0.161765E+08   0.161840E+08  -0.533823E+00   0.116228E+08   0.116228E+08   0.129177E+02
   0.231973E-04   0.161764E+08   0.161764E+08   0.215256E+08   0.215246E+08   0.161789E+08   0.161764E+08   0.161764E+08   0.161839E+08  -0.533822E+00   0.116228E+08   0.116228E+08   0.142619E+02
   0.256142E-04   0.161764E+08   0.161764E+08   0.215162E+08   0.215150E+08   0.161788E+08   0.161764E+08   0.161764E+08   0.161839E+08  -0.533821E+00   0.116228E+08   0.116228E+08   0.157455E+02
   0.282829E-04   0.161764E+08   0.161764E+08   0.215047E+08   0.215032E+08   0.161787E+08   0.161764E+08   0.161764E+08   0.161839E+08  -0.533820E+00   0.116228E+08   0.116228E+08   0.173830E+02
   0.312296E-04   0.161764E+08   0.161764E+08   0.214907E+08   0.214889E+08   0.161786E+08   0.161764E+08   0.161764E+08   0.161839E+08  -0.533819E+00   0.116228E+08   0.116228E+08   0.191900E+02
   0.344834E-04   0.161763E+08   0.161763E+08   0.214736E+08   0.214714E+08   0.161785E+08   0.161763E+08   0.161763E+08   0.161838E+08  -0.533817E+00   0.116227E+08   0.116227E+08   0.211838E+02
   0.380762E-04   0.161763E+08   0.161763E+08   0.214528E+08   0.214501E+08   0.161784E+08   0.161763E+08   0.161763E+08   0.161838E+08  -0.533816E+00   0.116227E+08   0.116227E+08   0.233835E+02
   0.420433E-04   0.161762E+08   0.161762E+08   0.214275E+08   0.214242E+08   0.161782E+08   0.161762E+08   0.161762E+08   0.161837E+08  -0.533813E+00   0.116227E+08   0.116227E+08   0.258097E+02
   0.464237E-04   0.161761E+08   0.161761E+08   0.213966E+08   0.213926E+08   0.161780E+08   0.161762E+08   0.161761E+08   0.161836E+08  -0.533810E+00   0.116226E+08   0.116226E+08   0.284853E+02
   0.512605E-04   0.161761E+08   0.161761E+08   0.213591E+08   0.213542E+08   0.161778E+08   0.161761E+08   0.161761E+08   0.161835E+08  -0.533807E+00   0.116226E+08   0.116226E+08   0.314350E+02
   0.566013E-04   0.161760E+08   0.161759E+08   0.213134E+08   0.213074E+08   0.161775E+08   0.161760E+08   0.161760E+08   0.161834E+08  -0.533803E+00   0.116225E+08   0.116225E+08   0.346858E+02
   0.624985E-04   0.161758E+08   0.161758E+08   0.212578E+08   0.212505E+08   0.161772E+08   0.161758E+08   0.161758E+08   0.161832E+08  -0.533797E+00   0.116224E+08   0.116224E+08   0.382668E+02
   0.690101E-04   0.161757E+08   0.161757E+08   0.211902E+08   0.211814E+08   0.161767E+08   0.161757E+08   0.161757E+08   0.161831E+08  -0.533791E+00   0.116223E+08   0.116223E+08   0.422096E+02
   0.762002E-04   0.161755E+08   0.161755E+08   0.211080E+08   0.210973E+08   0.161762E+08   0.161755E+08   0.161755E+08   0.161828E+08  -0.533783E+00   0.116221E+08   0.116221E+08   0.465479E+02
   0.841394E-04   0.161753E+08   0.161752E+08   0.210083E+08   0.209953E+08   0.161756E+08   0.161753E+08   0.161753E+08   0.161826E+08  -0.533774E+00   0.116220E+08   0.116220E+08   0.513179E+02
   0.929058E-04   0.161750E+08   0.161750E+08   0.208872E+08   0.208714E+08   0.161748E+08   0.161750E+08   0.161750E+08   0.161823E+08  -0.533762E+00   0.116218E+08   0.116218E+08   0.565575E+02
   0.102586E-03   0.161746E+08   0.161746E+08   0.207406E+08   0.207214E+08   0.161738E+08   0.161746E+08   0.161746E+08   0.161819E+08  -0.533749E+00   0.116215E+08   0.116215E+08   0.623062E+02
   0.113274E-03   0.161742E+08   0.161742E+08   0.205630E+08   0.205398E+08   0.161727E+08   0.161742E+08   0.161742E+08   0.161814E+08  -0.533732E+00   0.116212E+08   0.116212E+08   0.686047E+02
   0.125076E-03   0.161737E+08   0.161737E+08   0.203485E+08   0.203205E+08   0.161712E+08   0.161737E+08   0.161737E+08   0.161808E+08  -0.533711E+00   0.116209E+08   0.116208E+08   0.754936E+02
   0.138107E-03   0.161731E+08   0.161730E+08   0.200899E+08   0.200560E+08   0.161695E+08   0.161731E+08   0.161731E+08   0.161801E+08  -0.533686E+00   0.116204E+08   0.116204E+08   0.830122E+02
   0.152496E-03   0.161724E+08   0.161723E+08   0.197787E+08   0.197378E+08   0.161674E+08   0.161723E+08   0.161724E+08   0.161792E+08  -0.533655E+00   0.116199E+08   0.116198E+08   0.911969E+02
   0.168385E-03   0.161715E+08   0.161714E+08   0.194054E+08   0.193563E+08   0.161649E+08   0.161714E+08   0.161714E+08   0.161782E+08  -0.533618E+00   0.116192E+08   0.116192E+08   0.100078E+03
   0.185928E-03   0.161704E+08   0.161702E+08   0.189592E+08   0.189005E+08   0.161618E+08   0.161703E+08   0.161703E+08   0.161769E+08  -0.533574E+00   0.116184E+08   0.116184E+08   0.109677E+03
   0.205300E-03   0.161690E+08   0.161689E+08   0.184284E+08   0.183584E+08   0.161580E+08   0.161689E+08   0.161690E+08   0.161754E+08  -0.533519E+00   0.116174E+08   0.116174E+08   0.120002E+03
   0.226690E-03   0.161674E+08   0.161672E+08   0.178003E+08   0.177171E+08   0.161534E+08   0.161673E+08   0.161674E+08   0.161735E+08  -0.533453E+00   0.116163E+08   0.116162E+08   0.131039E+03
   0.250309E-03   0.161654E+08   0.161652E+08   0.170619E+08   0.169637E+08   0.161478E+08   0.161653E+08   0.161654E+08   0.161712E+08  -0.533374E+00   0.116148E+08   0.116147E+08   0.142751E+03
   0.276388E-03   0.161630E+08   0.161628E+08   0.162011E+08   0.160860E+08   0.161410E+08   0.161629E+08   0.161630E+08   0.161685E+08  -0.533278E+00   0.116131E+08   0.116129E+08   0.155061E+03
   0.305184E-03   0.161601E+08   0.161598E+08   0.152076E+08   0.150740E+08   0.161327E+08   0.161599E+08   0.161601E+08   0.161652E+08  -0.533162E+00   0.116110E+08   0.116108E+08   0.167846E+03
   0.336981E-03   0.161566E+08   0.161562E+08   0.140755E+08   0.139220E+08   0.161226E+08   0.161564E+08   0.161565E+08   0.161613E+08  -0.533023E+00   0.116084E+08   0.116082E+08   0.180926E+03
   0.372091E-03   0.161523E+08   0.161519E+08   0.128052E+08   0.126314E+08   0.161105E+08   0.161521E+08   0.161523E+08   0.161565E+08  -0.532857E+00   0.116053E+08   0.116051E+08   0.194046E+03
   0.410858E-03   0.161472E+08   0.161467E+08   0.114075E+08   0.112137E+08   0.160957E+08   0.161469E+08   0.161471E+08   0.161509E+08  -0.532658E+00   0.116016E+08   0.116013E+08   0.206871E+03
   0.453665E-03   0.161411E+08   0.161405E+08   0.990633E+07   0.969481E+07   0.160779E+08   0.161407E+08   0.161410E+08   0.161441E+08  -0.532422E+00   0.115971E+08   0.115968E+08   0.218973E+03
   0.500932E-03   0.161337E+08   0.161330E+08   0.834296E+07   0.811795E+07   0.160563E+08   0.161332E+08   0.161336E+08   0.161361E+08  -0.532142E+00   0.115917E+08   0.115913E+08   0.229835E+03
   0.553123E-03   0.161249E+08   0.161240E+08   0.677714E+07   0.654539E+07   0.160303E+08   0.161243E+08   0.161247E+08   0.161266E+08  -0.531812E+00   0.115853E+08   0.115848E+08   0.238864E+03
   0.610752E-03   0.161144E+08   0.161134E+08   0.528569E+07   0.505654E+07   0.159990E+08   0.161137E+08   0.161142E+08   0.161155E+08  -0.531425E+00   0.115776E+08   0.115771E+08   0.245424E+03
   0.674386E-03   0.161018E+08   0.161007E+08   0.395514E+07   0.374000E+07   0.159615E+08   0.161010E+08   0.161017E+08   0.161024E+08  -0.530973E+00   0.115684E+08   0.115679E+08   0.248892E+03
   0.744649E-03   0.160871E+08   0.160858E+08   0.286666E+07   0.267773E+07   0.159165E+08   0.160861E+08   0.160869E+08   0.160871E+08  -0.530447E+00   0.115576E+08   0.115570E+08   0.248747E+03
   0.822233E-03   0.160696E+08   0.160682E+08   0.207373E+07   0.192178E+07   0.158628E+08   0.160685E+08   0.160694E+08   0.160692E+08  -0.529836E+00   0.115448E+08   0.115441E+08   0.244665E+03
   0.907901E-03   0.160492E+08   0.160476E+08   0.157757E+07   0.146905E+07   0.157990E+08   0.160478E+08   0.160489E+08   0.160483E+08  -0.529131E+00   0.115298E+08   0.115291E+08   0.236622E+03
   0.100249E-02   0.160253E+08   0.160235E+08   0.131258E+07   0.124709E+07   0.157233E+08   0.160236E+08   0.160250E+08   0.160241E+08  -0.528316E+00   0.115124E+08   0.115116E+08   0.224951E+03
   0.110694E-02   0.159974E+08   0.159956E+08   0.115904E+07   0.112861E+07   0.156340E+08   0.159955E+08   0.159971E+08   0.159959E+08  -0.527376E+00   0.114920E+08   0.114912E+08   0.210326E+03
   0.122227E-02   0.159651E+08   0.159632E+08   0.994191E+06   0.985701E+06   0.155292E+08   0.159628E+08   0.159648E+08   0.159632E+08  -0.526290E+00   0.114685E+08   0.114677E+08   0.193651E+03
   0.134962E-02   0.159277E+08   0.159257E+08   0.765320E+06   0.765573E+06   0.154069E+08   0.159250E+08   0.159274E+08   0.159253E+08  -0.525036E+00   0.114413E+08   0.114405E+08   0.175890E+03
   0.149024E-02   0.158845E+08   0.158825E+08   0.527592E+06   0.527917E+06   0.152657E+08   0.158814E+08   0.158842E+08   0.158816E+08  -0.523592E+00   0.114099E+08   0.114091E+08   0.157945E+03
   0.164550E-02   0.158349E+08   0.158329E+08   0.382375E+06   0.379093E+06   0.151039E+08   0.158313E+08   0.158346E+08   0.158314E+08  -0.521933E+00   0.113739E+08   0.113731E+08   0.140648E+03
   0.181694E-02   0.157780E+08   0.157760E+08   0.344262E+06   0.175259E+06   0.149201E+08   0.157738E+08   0.157777E+08   0.157739E+08  -0.520033E+00   0.113326E+08   0.113319E+08   0.124805E+03
   0.200625E-02   0.157130E+08   0.157109E+08   0.307872E+06   0.143150E+06   0.147132E+08   0.157081E+08   0.157127E+08   0.157082E+08  -0.517864E+00   0.112855E+08   0.112847E+08   0.111097E+03
   0.221528E-02   0.156389E+08   0.156367E+08   0.215609E+06   0.116851E+06   0.144827E+08   0.156333E+08   0.156385E+08   0.156334E+08  -0.515394E+00   0.112318E+08   0.112310E+08   0.997478E+02
   0.244608E-02   0.155547E+08   0.155524E+08   0.154495E+06   0.953176E+05   0.142286E+08   0.155484E+08   0.155543E+08   0.155484E+08  -0.512591E+00   0.111708E+08   0.111701E+08   0.903702E+02
   0.270094E-02   0.154595E+08   0.154571E+08   0.143104E+06   0.776920E+05   0.139511E+08   0.154523E+08   0.154591E+08   0.154524E+08  -0.509423E+00   0.111019E+08   0.111012E+08   0.822790E+02
   0.298234E-02   0.153522E+08   0.153496E+08   0.101943E+06   0.632722E+05   0.136506E+08   0.153441E+08   0.153518E+08   0.153441E+08  -0.505854E+00   0.110243E+08   0.110236E+08   0.748277E+02
   0.329307E-02   0.152317E+08   0.152289E+08   0.863836E+05   0.514804E+05   0.133273E+08   0.152227E+08   0.152313E+08   0.152227E+08  -0.501850E+00   0.109373E+08   0.109365E+08   0.675908E+02
   0.363617E-02   0.150971E+08   0.150940E+08   0.711255E+05   0.418432E+05   0.129807E+08   0.150871E+08   0.150966E+08   0.150871E+08  -0.497377E+00   0.108400E+08   0.108392E+08   0.606989E+02
   0.401502E-02   0.149471E+08   0.149438E+08   0.491651E+05   0.339719E+05   0.126102E+08   0.149361E+08   0.149466E+08   0.149361E+08  -0.492399E+00   0.107317E+08   0.107310E+08   0.545682E+02
   0.443334E-02   0.147808E+08   0.147771E+08   0.394645E+05   0.275471E+05   0.122147E+08   0.147687E+08   0.147802E+08   0.147687E+08  -0.486879E+00   0.106117E+08   0.106109E+08   0.493374E+02
   0.489524E-02   0.145970E+08   0.145929E+08   0.334779E+05   0.223074E+05   0.117949E+08   0.145838E+08   0.145964E+08   0.145838E+08  -0.480783E+00   0.104791E+08   0.104783E+08   0.446813E+02
   0.540527E-02   0.143947E+08   0.143901E+08   0.217712E+05   0.180377E+05   0.113508E+08   0.143803E+08   0.143940E+08   0.143803E+08  -0.474075E+00   0.103331E+08   0.103324E+08   0.403002E+02
   0.596844E-02   0.141728E+08   0.141676E+08   0.202779E+05   0.145618E+05   0.108822E+08   0.141572E+08   0.141720E+08   0.141572E+08  -0.466718E+00   0.101731E+08   0.101724E+08   0.363454E+02
   0.659028E-02   0.139305E+08   0.139246E+08   0.192929E+05   0.117350E+05   0.103596E+08   0.139135E+08   0.139296E+08   0.139135E+08  -0.458684E+00   0.999835E+07   0.999762E+07   0.329244E+02
   0.727692E-02   0.136659E+08   0.136591E+08   0.133010E+05   0.943861E+04   0.982877E+07   0.136475E+08   0.136648E+08   0.136476E+08  -0.449917E+00   0.980762E+07   0.980689E+07   0.298053E+02
   0.803509E-02   0.133781E+08   0.133702E+08   0.115985E+05   0.757537E+04   0.927711E+07   0.133584E+08   0.133769E+08   0.133584E+08  -0.440384E+00   0.960019E+07   0.959946E+07   0.270149E+02
   0.887226E-02   0.130663E+08   0.130572E+08   0.836216E+04   0.606588E+04   0.871378E+07   0.130453E+08   0.130649E+08   0.130453E+08  -0.430062E+00   0.937557E+07   0.937484E+07   0.245552E+02
   0.979664E-02   0.127295E+08   0.127190E+08   0.571041E+04   0.484473E+04   0.813992E+07   0.127072E+08   0.127279E+08   0.127072E+08  -0.418916E+00   0.913298E+07   0.913225E+07   0.223417E+02
   0.108173E-01   0.123665E+08   0.123542E+08   0.470297E+04   0.385841E+04   0.755423E+07   0.123429E+08   0.123646E+08   0.123429E+08  -0.406907E+00   0.887160E+07   0.887086E+07   0.204092E+02
   0.119444E-01   0.119763E+08   0.119620E+08   0.382127E+04   0.306320E+04   0.696156E+07   0.119515E+08   0.119741E+08   0.119515E+08  -0.394002E+00   0.859068E+07   0.858993E+07   0.186724E+02
   0.131889E-01   0.115580E+08   0.115414E+08   0.335243E+04   0.242335E+04   0.636942E+07   0.115321E+08   0.115554E+08   0.115321E+08  -0.380175E+00   0.828964E+07   0.828888E+07   0.171495E+02
   0.145630E-01   0.111109E+08   0.110917E+08   0.229193E+04   0.190963E+04   0.578332E+07   0.110839E+08   0.111079E+08   0.110839E+08  -0.365400E+00   0.796791E+07   0.796714E+07   0.157948E+02
   0.160803E-01   0.106345E+08   0.106123E+08   0.174269E+04   0.149821E+04   0.520518E+07   0.106066E+08   0.106310E+08   0.106066E+08  -0.349664E+00   0.762521E+07   0.762442E+07   0.145904E+02
   0.177557E-01   0.101289E+08   0.101033E+08   0.149703E+04   0.116968E+04   0.464313E+07   0.101002E+08   0.101249E+08   0.101002E+08  -0.332970E+00   0.726158E+07   0.726077E+07   0.135031E+02
   0.196056E-01   0.959490E+07   0.956580E+07   0.100803E+04   0.908204E+03   0.410165E+07   0.956559E+07   0.959033E+07   0.956559E+07  -0.315347E+00   0.687765E+07   0.687683E+07   0.125102E+02
   0.216483E-01   0.903461E+07   0.900177E+07   0.834239E+03   0.700944E+03   0.358583E+07   0.900491E+07   0.902945E+07   0.900491E+07  -0.296863E+00   0.647491E+07   0.647407E+07   0.115831E+02
   0.239038E-01   0.845167E+07   0.841509E+07   0.742206E+03   0.537454E+03   0.310063E+07   0.842183E+07   0.844592E+07   0.842183E+07  -0.277641E+00   0.605602E+07   0.605516E+07   0.106883E+02
   0.263943E-01   0.785196E+07   0.781187E+07   0.452404E+03   0.409260E+03   0.265082E+07   0.782225E+07   0.784567E+07   0.782225E+07  -0.257874E+00   0.562521E+07   0.562434E+07   0.980014E+01
   0.291443E-01   0.724405E+07   0.720099E+07   0.362847E+03   0.309474E+03   0.224023E+07   0.721476E+07   0.723729E+07   0.721476E+07  -0.237847E+00   0.518865E+07   0.518778E+07   0.888984E+01
   0.321808E-01   0.663946E+07   0.659436E+07   0.287154E+03   0.232489E+03   0.187236E+07   0.661092E+07   0.663237E+07   0.661092E+07  -0.217941E+00   0.475465E+07   0.475380E+07   0.793596E+01
   0.355337E-01   0.605245E+07   0.600669E+07   0.211614E+03   0.173717E+03   0.154944E+07   0.602500E+07   0.604527E+07   0.602500E+07  -0.198625E+00   0.433350E+07   0.433267E+07   0.692685E+01
   0.392359E-01   0.549901E+07   0.545437E+07   0.141629E+03   0.129379E+03   0.127223E+07   0.547298E+07   0.549200E+07   0.547298E+07  -0.180426E+00   0.393666E+07   0.393589E+07   0.586608E+01
   0.433238E-01   0.499450E+07   0.495302E+07   0.112881E+03   0.963331E+02   0.103967E+07   0.497019E+07   0.498799E+07   0.497019E+07  -0.163851E+00   0.357519E+07   0.357449E+07   0.477765E+01
   0.476562E-01   0.456466E+07   0.452811E+07   0.749292E+02   0.727367E+02   0.854910E+06   0.454222E+07   0.455892E+07   0.454222E+07  -0.149742E+00   0.326748E+07   0.326688E+07   0.374903E+01
   0.519886E-01   0.422597E+07   0.419517E+07   0.582773E+02   0.565715E+02   0.716236E+06   0.420533E+07   0.422113E+07   0.420533E+07  -0.138636E+00   0.302525E+07   0.302474E+07   0.287833E+01
   0.563210E-01   0.395053E+07   0.392547E+07   0.464139E+02   0.450551E+02   0.609037E+06   0.393155E+07   0.394660E+07   0.393155E+07  -0.129611E+00   0.282838E+07   0.282797E+07   0.218201E+01
   0.606533E-01   0.371704E+07   0.369701E+07   0.376514E+02   0.365488E+02   0.523663E+06   0.369951E+07   0.371389E+07   0.369951E+07  -0.121961E+00   0.266152E+07   0.266118E+07   0.166201E+01
   0.649857E-01   0.350948E+07   0.349328E+07   0.309642E+02   0.300573E+02   0.453699E+06   0.349318E+07   0.350694E+07   0.349318E+07  -0.115159E+00   0.251314E+07   0.251285E+07   0.130529E+01
   0.693181E-01   0.331461E+07   0.330083E+07   0.257003E+02   0.249474E+02   0.394694E+06   0.329929E+07   0.331244E+07   0.329929E+07  -0.108767E+00   0.237370E+07   0.237345E+07   0.108643E+01
   0.736505E-01   0.312257E+07   0.310983E+07   0.214431E+02   0.208148E+02   0.343660E+06   0.310806E+07   0.312057E+07   0.310806E+07  -0.102463E+00   0.223616E+07   0.223592E+07   0.972267E+00
   0.779829E-01   0.293035E+07   0.291751E+07   0.179454E+02   0.174195E+02   0.299012E+06   0.291648E+07   0.292833E+07   0.291648E+07  -0.961469E-01   0.209837E+07   0.209813E+07   0.927554E+00
   0.823153E-01   0.274039E+07   0.272671E+07   0.150582E+02   0.146169E+02   0.260011E+06   0.272707E+07   0.273824E+07   0.272707E+07  -0.899027E-01   0.196213E+07   0.196188E+07   0.919377E+00
   0.866476E-01   0.255790E+07   0.254308E+07   0.126816E+02   0.123098E+02   0.226279E+06   0.254507E+07   0.255557E+07   0.254507E+07  -0.839029E-01   0.183121E+07   0.183095E+07   0.920481E+00
   0.909800E-01   0.238794E+07   0.237207E+07   0.107354E+02   0.104207E+02   0.197448E+06   0.237559E+07   0.238545E+07   0.237559E+07  -0.783153E-01   0.170929E+07   0.170901E+07   0.911312E+00
   0.963688E-01   0.219991E+07   0.218336E+07   0.881237E+01   0.855401E+01   0.167793E+06   0.218816E+07   0.219731E+07   0.218816E+07  -0.721365E-01   0.157446E+07   0.157418E+07   0.869631E+00
   0.101758E+00   0.204251E+07   0.202625E+07   0.733685E+01   0.712172E+01   0.144193E+06   0.203141E+07   0.203996E+07   0.203141E+07  -0.669691E-01   0.146170E+07   0.146143E+07   0.791087E+00
   0.107146E+00   0.191699E+07   0.190197E+07   0.621025E+01   0.602814E+01   0.125652E+06   0.190656E+07   0.191463E+07   0.190656E+07  -0.628532E-01   0.137188E+07   0.137163E+07   0.685294E+00
   0.112535E+00   0.181899E+07   0.180587E+07   0.534203E+01   0.518537E+01   0.111020E+06   0.180924E+07   0.181692E+07   0.180924E+07  -0.596446E-01   0.130186E+07   0.130164E+07   0.569124E+00
   0.117924E+00   0.173977E+07   0.172879E+07   0.465347E+01   0.451699E+01   0.991359E+05   0.173066E+07   0.173805E+07   0.173066E+07  -0.570543E-01   0.124533E+07   0.124514E+07   0.460179E+00
   0.123313E+00   0.166969E+07   0.166063E+07   0.408455E+01   0.396475E+01   0.890403E+05   0.166115E+07   0.166827E+07   0.166115E+07  -0.547627E-01   0.119531E+07   0.119516E+07   0.371933E+00
   0.128701E+00   0.160101E+07   0.159336E+07   0.359560E+01   0.349013E+01   0.800779E+05   0.159296E+07   0.159981E+07   0.159296E+07  -0.525148E-01   0.114626E+07   0.114612E+07   0.311139E+00
   0.134090E+00   0.152933E+07   0.152239E+07   0.316403E+01   0.307121E+01   0.718897E+05   0.152167E+07   0.152824E+07   0.152167E+07  -0.501646E-01   0.109496E+07   0.109484E+07   0.277501E+00
   0.139479E+00   0.145365E+07   0.144679E+07   0.277930E+01   0.269777E+01   0.643411E+05   0.144631E+07   0.145257E+07   0.144631E+07  -0.476802E-01   0.104074E+07   0.104062E+07   0.265161E+00
   0.144868E+00   0.137560E+07   0.136840E+07   0.243770E+01   0.236619E+01   0.574326E+05   0.136853E+07   0.137447E+07   0.136853E+07  -0.451161E-01   0.984785E+06   0.984656E+06   0.265235E+00
   0.150256E+00   0.129830E+07   0.129057E+07   0.213826E+01   0.207553E+01   0.512159E+05   0.129147E+07   0.129708E+07   0.129147E+07  -0.425755E-01   0.929336E+06   0.929200E+06   0.268550E+00
   0.155645E+00   0.122553E+07   0.121736E+07   0.188075E+01   0.182557E+01   0.457532E+05   0.121894E+07   0.122425E+07   0.121894E+07  -0.401843E-01   0.877148E+06   0.877008E+06   0.267891E+00
   0.161034E+00   0.116095E+07   0.115262E+07   0.166418E+01   0.161535E+01   0.410819E+05   0.115460E+07   0.115964E+07   0.115460E+07  -0.380634E-01   0.830858E+06   0.830717E+06   0.259267E+00
   0.166423E+00   0.110666E+07   0.109853E+07   0.148519E+01   0.144162E+01   0.371736E+05   0.110057E+07   0.110539E+07   0.110057E+07  -0.362823E-01   0.791982E+06   0.791846E+06   0.242077E+00
   0.171811E+00   0.106232E+07   0.105471E+07   0.133765E+01   0.129840E+01   0.339213E+05   0.105649E+07   0.106112E+07   0.105649E+07  -0.348292E-01   0.760266E+06   0.760140E+06   0.218420E+00
   0.177200E+00   0.102568E+07   0.101881E+07   0.121422E+01   0.117859E+01   0.311748E+05   0.102012E+07   0.102460E+07   0.102012E+07  -0.336301E-01   0.734093E+06   0.733978E+06   0.191938E+00
   0.182589E+00   0.993930E+06   0.987853E+06   0.110829E+01   0.107577E+01   0.287912E+05   0.988629E+06   0.992975E+06   0.988629E+06  -0.325919E-01   0.711432E+06   0.711330E+06   0.166565E+00
   0.187978E+00   0.964360E+06   0.958989E+06   0.101462E+01   0.984847E+00   0.266536E+05   0.959294E+06   0.963516E+06   0.959294E+06  -0.316248E-01   0.690323E+06   0.690231E+06   0.145443E+00
   0.193367E+00   0.934586E+06   0.929724E+06   0.929289E+00   0.902019E+00   0.246724E+05   0.929724E+06   0.933822E+06   0.929724E+06  -0.306500E-01   0.669046E+06   0.668961E+06   0.130268E+00
   0.198755E+00   0.903049E+06   0.898458E+06   0.849897E+00   0.824956E+00   0.227939E+05   0.898363E+06   0.902328E+06   0.898363E+06  -0.296161E-01   0.646480E+06   0.646399E+06   0.121142E+00
   0.204144E+00   0.869527E+06   0.864988E+06   0.775677E+00   0.752914E+00   0.210050E+05   0.864993E+06   0.868814E+06   0.864993E+06  -0.285160E-01   0.622468E+06   0.622387E+06   0.116865E+00
   0.209533E+00   0.834963E+06   0.830326E+06   0.706967E+00   0.686219E+00   0.193213E+05   0.830562E+06   0.834235E+06   0.830562E+06  -0.273809E-01   0.597692E+06   0.597611E+06   0.115483E+00
   0.214922E+00   0.800802E+06   0.796012E+06   0.644405E+00   0.625493E+00   0.177671E+05   0.796524E+06   0.800050E+06   0.796524E+06  -0.262588E-01   0.573200E+06   0.573117E+06   0.114899E+00
   0.220310E+00   0.768476E+06   0.763568E+06   0.588456E+00   0.571186E+00   0.163615E+05   0.764318E+06   0.767705E+06   0.764318E+06  -0.251971E-01   0.550026E+06   0.549942E+06   0.113392E+00
   0.225699E+00   0.739130E+06   0.734202E+06   0.539245E+00   0.523418E+00   0.151142E+05   0.735096E+06   0.738356E+06   0.735096E+06  -0.242337E-01   0.528998E+06   0.528915E+06   0.109953E+00
   0.231088E+00   0.713381E+06   0.708558E+06   0.496452E+00   0.481882E+00   0.140223E+05   0.709475E+06   0.712624E+06   0.709475E+06  -0.233891E-01   0.510561E+06   0.510480E+06   0.104372E+00
   0.236477E+00   0.691168E+06   0.686565E+06   0.459324E+00   0.445843E+00   0.130695E+05   0.687392E+06   0.690445E+06   0.687392E+06  -0.226611E-01   0.494671E+06   0.494594E+06   0.971163E-01
   0.241865E+00   0.671866E+06   0.667559E+06   0.426834E+00   0.414307E+00   0.122312E+05   0.668219E+06   0.671189E+06   0.668219E+06  -0.220290E-01   0.480874E+06   0.480801E+06   0.890697E-01
   0.247254E+00   0.654526E+06   0.650538E+06   0.397908E+00   0.386229E+00   0.114799E+05   0.651004E+06   0.653899E+06   0.651004E+06  -0.214615E-01   0.468485E+06   0.468418E+06   0.812225E-01
   0.252643E+00   0.638095E+06   0.634398E+06   0.371562E+00   0.360657E+00   0.107898E+05   0.634689E+06   0.637514E+06   0.634689E+06  -0.209236E-01   0.456745E+06   0.456682E+06   0.743989E-01
   0.258032E+00   0.621648E+06   0.618173E+06   0.347031E+00   0.336846E+00   0.101407E+05   0.618348E+06   0.621102E+06   0.618348E+06  -0.203849E-01   0.444986E+06   0.444926E+06   0.690822E-01
   0.263420E+00   0.604655E+06   0.601318E+06   0.323876E+00   0.314370E+00   0.952125E+04   0.601450E+06   0.604131E+06   0.601450E+06  -0.198279E-01   0.432826E+06   0.432768E+06   0.653612E-01
   0.268809E+00   0.587090E+06   0.583814E+06   0.301979E+00   0.293116E+00   0.892917E+04   0.583972E+06   0.586576E+06   0.583972E+06  -0.192517E-01   0.420249E+06   0.420192E+06   0.629834E-01
   0.274198E+00   0.569281E+06   0.566010E+06   0.281411E+00   0.273151E+00   0.836757E+04   0.566242E+06   0.568768E+06   0.566242E+06  -0.186671E-01   0.407490E+06   0.407433E+06   0.614755E-01
   0.279587E+00   0.551682E+06   0.548392E+06   0.262287E+00   0.254588E+00   0.784102E+04   0.548716E+06   0.551165E+06   0.548716E+06  -0.180894E-01   0.394879E+06   0.394822E+06   0.602943E-01
   0.284976E+00   0.534762E+06   0.531460E+06   0.244707E+00   0.237524E+00   0.735350E+04   0.531868E+06   0.534243E+06   0.531868E+06  -0.175340E-01   0.382755E+06   0.382698E+06   0.589699E-01
   0.290364E+00   0.518954E+06   0.515671E+06   0.228732E+00   0.222018E+00   0.690791E+04   0.516133E+06   0.518438E+06   0.516133E+06  -0.170152E-01   0.371432E+06   0.371376E+06   0.572031E-01
   0.295753E+00   0.504547E+06   0.501325E+06   0.214348E+00   0.208056E+00   0.650480E+04   0.501798E+06   0.504041E+06   0.501798E+06  -0.165427E-01   0.361116E+06   0.361062E+06   0.549012E-01
   0.301142E+00   0.491564E+06   0.488444E+06   0.201425E+00   0.195513E+00   0.614114E+04   0.488888E+06   0.491074E+06   0.488888E+06  -0.161171E-01   0.351826E+06   0.351773E+06   0.521548E-01
   0.306531E+00   0.479776E+06   0.476785E+06   0.189746E+00   0.184176E+00   0.581111E+04   0.477172E+06   0.479306E+06   0.477172E+06  -0.157308E-01   0.343395E+06   0.343344E+06   0.491767E-01
   0.311919E+00   0.468827E+06   0.465974E+06   0.179068E+00   0.173811E+00   0.550794E+04   0.466292E+06   0.468378E+06   0.466292E+06  -0.153721E-01   0.335565E+06   0.335517E+06   0.462260E-01
   0.317308E+00   0.458362E+06   0.455642E+06   0.169178E+00   0.164212E+00   0.522562E+04   0.455894E+06   0.457935E+06   0.455894E+06  -0.150294E-01   0.328082E+06   0.328036E+06   0.435351E-01
   0.322697E+00   0.448093E+06   0.445482E+06   0.159912E+00   0.155218E+00   0.495952E+04   0.445687E+06   0.447683E+06   0.445687E+06  -0.146929E-01   0.320737E+06   0.320692E+06   0.412568E-01
   0.328086E+00   0.437815E+06   0.435286E+06   0.151154E+00   0.146717E+00   0.470635E+04   0.435468E+06   0.437418E+06   0.435468E+06  -0.143560E-01   0.313383E+06   0.313339E+06   0.394396E-01
   0.333474E+00   0.427447E+06   0.424970E+06   0.142842E+00   0.138649E+00   0.446451E+04   0.425153E+06   0.427058E+06   0.425153E+06  -0.140159E-01   0.305960E+06   0.305918E+06   0.380345E-01
   0.338863E+00   0.417045E+06   0.414600E+06   0.134966E+00   0.131004E+00   0.423393E+04   0.414802E+06   0.416661E+06   0.414802E+06  -0.136747E-01   0.298511E+06   0.298469E+06   0.369247E-01
   0.344252E+00   0.406776E+06   0.404351E+06   0.127551E+00   0.123807E+00   0.401561E+04   0.404581E+06   0.406395E+06   0.404581E+06  -0.133377E-01   0.291157E+06   0.291115E+06   0.359658E-01
   0.349641E+00   0.396837E+06   0.394431E+06   0.120625E+00   0.117084E+00   0.381075E+04   0.394689E+06   0.396459E+06   0.394689E+06  -0.130116E-01   0.284038E+06   0.283997E+06   0.350235E-01
   0.355029E+00   0.387378E+06   0.384999E+06   0.114200E+00   0.110848E+00   0.361989E+04   0.385276E+06   0.387004E+06   0.385276E+06  -0.127013E-01   0.277264E+06   0.277223E+06   0.340019E-01
   0.360418E+00   0.378475E+06   0.376136E+06   0.108263E+00   0.105085E+00   0.344288E+04   0.376419E+06   0.378108E+06   0.376419E+06  -0.124093E-01   0.270890E+06   0.270850E+06   0.328582E-01
   0.365807E+00   0.370141E+06   0.367855E+06   0.102782E+00   0.997650E-01   0.327891E+04   0.368130E+06   0.369782E+06   0.368130E+06  -0.121360E-01   0.264925E+06   0.264886E+06   0.316021E-01
   0.371196E+00   0.362333E+06   0.360111E+06   0.977142E-01   0.948458E-01   0.312678E+04   0.360366E+06   0.361984E+06   0.360366E+06  -0.118801E-01   0.259338E+06   0.259300E+06   0.302829E-01
   0.376585E+00   0.354959E+06   0.352806E+06   0.930063E-01   0.902760E-01   0.298499E+04   0.353036E+06   0.354621E+06   0.353036E+06  -0.116384E-01   0.254063E+06   0.254026E+06   0.289690E-01
   0.381973E+00   0.347891E+06   0.345805E+06   0.886014E-01   0.860004E-01   0.285182E+04   0.346010E+06   0.347564E+06   0.346010E+06  -0.114068E-01   0.249007E+06   0.248971E+06   0.277269E-01
   0.387362E+00   0.341004E+06   0.338978E+06   0.844483E-01   0.819692E-01   0.272578E+04   0.339163E+06   0.340686E+06   0.339163E+06  -0.111811E-01   0.244079E+06   0.244045E+06   0.266046E-01
   0.392751E+00   0.334210E+06   0.332234E+06   0.805101E-01   0.781467E-01   0.260575E+04   0.332406E+06   0.333899E+06   0.332406E+06  -0.109584E-01   0.239217E+06   0.239183E+06   0.256239E-01
   0.398140E+00   0.327475E+06   0.325540E+06   0.767665E-01   0.745129E-01   0.249117E+04   0.325708E+06   0.327171E+06   0.325708E+06  -0.107375E-01   0.234396E+06   0.234363E+06   0.247796E-01
   0.403528E+00   0.320814E+06   0.318911E+06   0.732092E-01   0.710601E-01   0.238187E+04   0.319081E+06   0.320515E+06   0.319081E+06  -0.105191E-01   0.229628E+06   0.229595E+06   0.240448E-01
   0.408917E+00   0.314267E+06   0.312390E+06   0.698366E-01   0.677865E-01   0.227783E+04   0.312567E+06   0.313972E+06   0.312567E+06  -0.103043E-01   0.224940E+06   0.224908E+06   0.233808E-01
   0.414306E+00   0.307882E+06   0.306029E+06   0.666487E-01   0.646922E-01   0.217916E+04   0.306214E+06   0.307591E+06   0.306214E+06  -0.100949E-01   0.220368E+06   0.220336E+06   0.227479E-01
   0.419695E+00   0.301707E+06   0.299880E+06   0.636450E-01   0.617766E-01   0.208589E+04   0.300071E+06   0.301420E+06   0.300071E+06  -0.989235E-02   0.215947E+06   0.215916E+06   0.221146E-01
   0.425083E+00   0.295782E+06   0.293984E+06   0.608228E-01   0.590372E-01   0.199799E+04   0.294177E+06   0.295500E+06   0.294177E+06  -0.969805E-02   0.211706E+06   0.211675E+06   0.214633E-01
   0.430472E+00   0.290127E+06   0.288362E+06   0.581754E-01   0.564676E-01   0.191533E+04   0.288552E+06   0.289850E+06   0.288552E+06  -0.951263E-02   0.207658E+06   0.207628E+06   0.207913E-01
   0.435861E+00   0.284731E+06   0.283003E+06   0.556903E-01   0.540554E-01   0.183752E+04   0.283186E+06   0.284460E+06   0.283186E+06  -0.933571E-02   0.203796E+06   0.203767E+06   0.201078E-01
   0.441250E+00   0.279555E+06   0.277865E+06   0.533506E-01   0.517844E-01   0.176408E+04   0.278038E+06   0.279289E+06   0.278038E+06  -0.916602E-02   0.200092E+06   0.200063E+06   0.194293E-01
   0.446638E+00   0.274555E+06   0.272903E+06   0.511398E-01   0.496385E-01   0.169449E+04   0.273067E+06   0.274295E+06   0.273067E+06  -0.900212E-02   0.196514E+06   0.196486E+06   0.187742E-01
   0.452027E+00   0.269696E+06   0.268080E+06   0.490442E-01   0.476044E-01   0.162834E+04   0.268235E+06   0.269442E+06   0.268235E+06  -0.884283E-02   0.193037E+06   0.193009E+06   0.181580E-01
   0.457416E+00   0.264949E+06   0.263367E+06   0.470525E-01   0.456712E-01   0.156530E+04   0.263514E+06   0.264700E+06   0.263514E+06  -0.868722E-02   0.189640E+06   0.189613E+06   0.175895E-01
   0.462805E+00   0.260290E+06   0.258737E+06   0.451549E-01   0.438293E-01   0.150506E+04   0.258881E+06   0.260046E+06   0.258881E+06  -0.853447E-02   0.186305E+06   0.186279E+06   0.170698E-01
   0.468194E+00   0.255707E+06   0.254180E+06   0.433443E-01   0.420718E-01   0.144743E+04   0.254322E+06   0.255467E+06   0.254322E+06  -0.838417E-02   0.183024E+06   0.182998E+06   0.165932E-01
   0.473582E+00   0.251205E+06   0.249701E+06   0.416174E-01   0.403957E-01   0.139231E+04   0.249844E+06   0.250969E+06   0.249844E+06  -0.823654E-02   0.179802E+06   0.179776E+06   0.161496E-01
   0.478971E+00   0.246806E+06   0.245324E+06   0.399736E-01   0.388001E-01   0.133970E+04   0.245468E+06   0.246573E+06   0.245468E+06  -0.809229E-02   0.176653E+06   0.176628E+06   0.157280E-01
   0.484360E+00   0.242529E+06   0.241069E+06   0.384115E-01   0.372838E-01   0.128959E+04   0.241213E+06   0.242300E+06   0.241213E+06  -0.795202E-02   0.173591E+06   0.173566E+06   0.153181E-01
   0.489749E+00   0.238382E+06   0.236944E+06   0.369282E-01   0.358441E-01   0.124190E+04   0.237088E+06   0.238156E+06   0.237088E+06  -0.781603E-02   0.170622E+06   0.170598E+06   0.149130E-01
   0.495137E+00   0.234367E+06   0.232952E+06   0.355202E-01   0.344774E-01   0.119653E+04   0.233095E+06   0.234145E+06   0.233095E+06  -0.768438E-02   0.167748E+06   0.167724E+06   0.145095E-01
   0.500526E+00   0.230483E+06   0.229092E+06   0.341834E-01   0.331798E-01   0.115337E+04   0.229232E+06   0.230265E+06   0.229232E+06  -0.755703E-02   0.164969E+06   0.164945E+06   0.141084E-01
   0.505915E+00   0.226726E+06   0.225359E+06   0.329136E-01   0.319474E-01   0.111228E+04   0.225495E+06   0.226511E+06   0.225495E+06  -0.743385E-02   0.162280E+06   0.162256E+06   0.137133E-01
   0.511304E+00   0.223084E+06   0.221742E+06   0.317058E-01   0.307750E-01   0.107313E+04   0.221873E+06   0.222873E+06   0.221873E+06  -0.731444E-02   0.159673E+06   0.159650E+06   0.133291E-01
   0.516692E+00   0.219539E+06   0.218220E+06   0.305546E-01   0.296576E-01   0.103572E+04   0.218348E+06   0.219332E+06   0.218348E+06  -0.719822E-02   0.157136E+06   0.157113E+06   0.129600E-01
   0.522081E+00   0.216075E+06   0.214779E+06   0.294548E-01   0.285901E-01   0.999922E+03   0.214903E+06   0.215871E+06   0.214903E+06  -0.708464E-02   0.154657E+06   0.154634E+06   0.126091E-01
   0.527470E+00   0.212682E+06   0.211408E+06   0.284030E-01   0.275692E-01   0.965609E+03   0.211529E+06   0.212482E+06   0.211529E+06  -0.697342E-02   0.152229E+06   0.152207E+06   0.122775E-01
   0.532859E+00   0.209359E+06   0.208105E+06   0.273965E-01   0.265922E-01   0.932705E+03   0.208224E+06   0.209162E+06   0.208224E+06  -0.686446E-02   0.149850E+06   0.149829E+06   0.119644E-01
   0.538247E+00   0.206106E+06   0.204870E+06   0.264333E-01   0.256573E-01   0.901158E+03   0.204987E+06   0.205911E+06   0.204987E+06  -0.675777E-02   0.147521E+06   0.147500E+06   0.116675E-01
   0.543636E+00   0.202921E+06   0.201703E+06   0.255115E-01   0.247625E-01   0.870901E+03   0.201820E+06   0.202730E+06   0.201820E+06  -0.665334E-02   0.145241E+06   0.145221E+06   0.113835E-01
   0.549025E+00   0.199807E+06   0.198606E+06   0.246292E-01   0.239061E-01   0.841894E+03   0.198723E+06   0.199618E+06   0.198723E+06  -0.655124E-02   0.143013E+06   0.142992E+06   0.111091E-01
   0.554414E+00   0.196769E+06   0.195585E+06   0.237854E-01   0.230871E-01   0.814101E+03   0.195700E+06   0.196583E+06   0.195700E+06  -0.645161E-02   0.140838E+06   0.140817E+06   0.108418E-01
   0.559803E+00   0.193810E+06   0.192644E+06   0.229789E-01   0.223043E-01   0.787487E+03   0.192758E+06   0.193627E+06   0.192758E+06  -0.635460E-02   0.138720E+06   0.138700E+06   0.105800E-01
   0.565191E+00   0.190932E+06   0.189783E+06   0.222080E-01   0.215560E-01   0.762010E+03   0.189895E+06   0.190751E+06   0.189895E+06  -0.626022E-02   0.136660E+06   0.136640E+06   0.103234E-01
   0.570580E+00   0.188128E+06   0.186996E+06   0.214705E-01   0.208401E-01   0.737595E+03   0.187107E+06   0.187950E+06   0.187107E+06  -0.616830E-02   0.134653E+06   0.134634E+06   0.100721E-01
   0.575969E+00   0.185393E+06   0.184279E+06   0.207643E-01   0.201547E-01   0.714180E+03   0.184387E+06   0.185218E+06   0.184387E+06  -0.607863E-02   0.132696E+06   0.132677E+06   0.982725E-02
   0.581358E+00   0.182724E+06   0.181626E+06   0.200876E-01   0.194978E-01   0.691708E+03   0.181731E+06   0.182551E+06   0.181731E+06  -0.599109E-02   0.130785E+06   0.130766E+06   0.958987E-02
   0.586746E+00   0.180116E+06   0.179034E+06   0.194388E-01   0.188681E-01   0.670127E+03   0.179138E+06   0.179946E+06   0.179138E+06  -0.590559E-02   0.128918E+06   0.128900E+06   0.936098E-02
   0.592135E+00   0.177565E+06   0.176499E+06   0.188163E-01   0.182639E-01   0.649390E+03   0.176601E+06   0.177398E+06   0.176601E+06  -0.582196E-02   0.127093E+06   0.127074E+06   0.914105E-02
   0.597524E+00   0.175066E+06   0.174015E+06   0.182184E-01   0.176835E-01   0.629437E+03   0.174115E+06   0.174901E+06   0.174115E+06  -0.574002E-02   0.125304E+06   0.125286E+06   0.892995E-02
   0.602913E+00   0.172615E+06   0.171579E+06   0.176436E-01   0.171257E-01   0.610231E+03   0.171678E+06   0.172453E+06   0.171678E+06  -0.565967E-02   0.123550E+06   0.123532E+06   0.872708E-02
   0.608301E+00   0.170214E+06   0.169192E+06   0.170913E-01   0.165895E-01   0.591746E+03   0.169290E+06   0.170054E+06   0.169290E+06  -0.558094E-02   0.121831E+06   0.121814E+06   0.853164E-02
   0.613690E+00   0.167865E+06   0.166857E+06   0.165607E-01   0.160745E-01   0.573959E+03   0.166953E+06   0.167706E+06   0.166953E+06  -0.550390E-02   0.120150E+06   0.120132E+06   0.834265E-02
   0.619079E+00   0.165567E+06   0.164572E+06   0.160508E-01   0.155796E-01   0.556849E+03   0.164667E+06   0.165410E+06   0.164667E+06  -0.542855E-02   0.118505E+06   0.118488E+06   0.815920E-02
   0.624468E+00   0.163318E+06   0.162337E+06   0.155607E-01   0.151039E-01   0.540377E+03   0.162431E+06   0.163164E+06   0.162431E+06  -0.535483E-02   0.116895E+06   0.116879E+06   0.798052E-02
   0.629856E+00   0.161118E+06   0.160150E+06   0.150895E-01   0.146465E-01   0.524520E+03   0.160243E+06   0.160966E+06   0.160243E+06  -0.528269E-02   0.115321E+06   0.115304E+06   0.780618E-02
   0.681274E+00   0.142329E+06   0.141474E+06   0.113936E-01   0.110591E-01   0.399355E+03   0.141556E+06   0.142195E+06   0.141556E+06  -0.466663E-02   0.101872E+06   0.101858E+06   0.636950E-02
   0.736889E+00   0.125621E+06   0.124867E+06   0.859537E-02   0.834302E-02   0.303536E+03   0.124938E+06   0.125502E+06   0.124938E+06  -0.411880E-02   0.899132E+05   0.899003E+05   0.519564E-02
   0.797043E+00   0.110788E+06   0.110123E+06   0.647940E-02   0.628917E-02   0.230354E+03   0.110186E+06   0.110684E+06   0.110186E+06  -0.363248E-02   0.792969E+05   0.792856E+05   0.423531E-02
   0.862109E+00   0.976351E+05   0.970490E+05   0.488071E-02   0.473742E-02   0.174562E+03   0.971041E+05   0.975430E+05   0.971041E+05  -0.320121E-02   0.698823E+05   0.698723E+05   0.344971E-02
   0.932485E+00   0.859810E+05   0.854649E+05   0.367381E-02   0.356595E-02   0.132101E+03   0.855133E+05   0.858999E+05   0.855133E+05  -0.281910E-02   0.615409E+05   0.615321E+05   0.280772E-02
   0.100861E+01   0.756666E+05   0.752125E+05   0.276348E-02   0.268235E-02   0.998413E+02   0.752550E+05   0.755952E+05   0.752550E+05  -0.248091E-02   0.541583E+05   0.541506E+05   0.228361E-02
   0.109094E+01   0.665448E+05   0.661455E+05   0.207733E-02   0.201634E-02   0.753679E+02   0.661828E+05   0.664821E+05   0.661828E+05  -0.218183E-02   0.476294E+05   0.476226E+05   0.185604E-02
   0.118000E+01   0.584846E+05   0.581337E+05   0.156052E-02   0.151471E-02   0.568290E+02   0.581664E+05   0.584295E+05   0.581664E+05  -0.191756E-02   0.418603E+05   0.418544E+05   0.150750E-02
   0.127633E+01   0.513698E+05   0.510616E+05   0.117159E-02   0.113719E-02   0.428056E+02   0.510903E+05   0.513214E+05   0.510903E+05  -0.168428E-02   0.367679E+05   0.367627E+05   0.122363E-02
   0.138052E+01   0.450930E+05   0.448225E+05   0.879054E-03   0.853245E-03   0.322103E+02   0.448476E+05   0.450505E+05   0.448476E+05  -0.147848E-02   0.322753E+05   0.322707E+05   0.992556E-03
   0.149322E+01   0.395605E+05   0.393232E+05   0.659185E-03   0.639831E-03   0.242152E+02   0.393452E+05   0.395233E+05   0.393452E+05  -0.129708E-02   0.283154E+05   0.283114E+05   0.804614E-03
   0.161511E+01   0.346875E+05   0.344794E+05   0.494034E-03   0.479529E-03   0.181886E+02   0.344987E+05   0.346548E+05   0.344987E+05  -0.113731E-02   0.248275E+05   0.248240E+05   0.651850E-03
   0.174696E+01   0.303986E+05   0.302162E+05   0.370063E-03   0.359198E-03   0.136508E+02   0.302331E+05   0.303699E+05   0.302331E+05  -0.996687E-03   0.217577E+05   0.217546E+05   0.527767E-03
   0.188957E+01   0.266259E+05   0.264662E+05   0.277055E-03   0.268921E-03   0.102372E+02   0.264810E+05   0.266008E+05   0.264810E+05  -0.872991E-03   0.190575E+05   0.190547E+05   0.427036E-03
   0.197113E+01   0.247871E+05   0.246384E+05   0.237019E-03   0.230060E-03   0.876503E+01   0.246521E+05   0.247637E+05   0.246521E+05  -0.812701E-03   0.177413E+05   0.177388E+05   0.380909E-03
   0.245827E+01   0.170143E+05   0.169123E+05   0.104602E-03   0.101531E-03   0.388131E+01   0.169216E+05   0.169982E+05   0.169216E+05  -0.557851E-03   0.121779E+05   0.121762E+05   0.208981E-03
   0.306581E+01   0.116376E+05   0.115679E+05   0.460001E-04   0.446496E-04   0.171071E+01   0.115743E+05   0.116267E+05   0.115743E+05  -0.381566E-03   0.832961E+04   0.832843E+04   0.114062E-03
   0.382350E+01   0.793444E+04   0.788689E+04   0.201642E-04   0.195722E-04   0.750995E+00   0.789124E+04   0.792697E+04   0.789124E+04  -0.260149E-03   0.567907E+04   0.567827E+04   0.618933E-04
   0.476844E+01   0.539374E+04   0.536143E+04   0.881302E-05   0.855427E-05   0.328553E+00   0.536438E+04   0.538867E+04   0.536438E+04  -0.176846E-03   0.386056E+04   0.386003E+04   0.333483E-04
   0.594691E+01   0.365674E+04   0.363484E+04   0.384148E-05   0.372869E-05   0.143301E+00   0.363683E+04   0.365330E+04   0.363683E+04  -0.119894E-03   0.261730E+04   0.261695E+04   0.178019E-04
   0.741663E+01   0.247299E+04   0.245819E+04   0.167032E-05   0.162128E-05   0.623345E-01   0.245953E+04   0.247067E+04   0.245953E+04  -0.810828E-04   0.177004E+04   0.176981E+04   0.937881E-05
   0.924957E+01   0.166864E+04   0.165866E+04   0.724622E-06   0.703347E-06   0.270492E-01   0.165956E+04   0.166707E+04   0.165956E+04  -0.547103E-04   0.119433E+04   0.119418E+04   0.484360E-05
   0.115355E+02   0.112354E+04   0.111683E+04   0.313698E-06   0.304487E-06   0.117116E-01   0.111743E+04   0.112249E+04   0.111743E+04  -0.368380E-04   0.804175E+03   0.804081E+03   0.242156E-05
   0.143864E+02   0.755040E+03   0.750537E+03   0.135540E-06   0.131560E-06   0.506088E-02   0.750933E+03   0.754333E+03   0.750933E+03  -0.247558E-04   0.540419E+03   0.540364E+03   0.114280E-05
   0.179419E+02   0.506480E+03   0.503467E+03   0.584572E-07   0.567409E-07   0.218283E-02   0.503726E+03   0.506007E+03   0.503726E+03  -0.166062E-04   0.362512E+03   0.362483E+03   0.479174E-06
   0.223760E+02   0.339170E+03   0.337160E+03   0.251697E-07   0.244307E-07   0.939854E-03   0.337327E+03   0.338854E+03   0.337327E+03  -0.111206E-04   0.242760E+03   0.242749E+03   0.144181E-06
   0.279060E+02   0.226765E+03   0.225430E+03   0.108200E-07   0.105024E-07   0.404030E-03   0.225535E+03   0.226556E+03   0.225535E+03  -0.743514E-05   0.162307E+03   0.162308E+03  -0.169763E-07
   0.348027E+02   0.151382E+03   0.150499E+03   0.464442E-08   0.450805E-08   0.173419E-03   0.150562E+03   0.151243E+03   0.150562E+03  -0.496353E-05   0.108351E+03   0.108361E+03  -0.875213E-07
   0.434039E+02   0.100909E+03   0.100330E+03   0.199073E-08   0.193228E-08   0.743165E-04   0.100364E+03   0.100818E+03   0.100364E+03  -0.330866E-05   0.722251E+02   0.722415E+02  -0.111921E-06
   0.541307E+02   0.671661E+02   0.667898E+02   0.852092E-09   0.827074E-09   0.318072E-04   0.668045E+02   0.671070E+02   0.668045E+02  -0.220233E-05   0.480737E+02   0.480944E+02  -0.113730E-06
   0.675086E+02   0.446396E+02   0.443992E+02   0.364215E-09   0.353522E-09   0.135926E-04   0.444008E+02   0.446018E+02   0.444008E+02  -0.146375E-05   0.319503E+02   0.319742E+02  -0.105265E-06
   0.841926E+02   0.296208E+02   0.294712E+02   0.155456E-09   0.150892E-09   0.579955E-05   0.294639E+02   0.295973E+02   0.294639E+02  -0.971328E-06   0.212006E+02   0.212269E+02  -0.928365E-07
   0.105000E+03   0.196197E+02   0.195309E+02   0.662508E-10   0.643056E-10   0.246952E-05   0.195174E+02   0.196057E+02   0.195174E+02  -0.643424E-06   0.140424E+02   0.140704E+02  -0.795695E-07
