#           k/h    P           
   0.100000E-03   0.278874E+03
   0.102020E-03   0.284312E+03
   0.104081E-03   0.289856E+03
   0.106184E-03   0.295508E+03
   0.108329E-03   0.301269E+03
   0.110517E-03   0.307144E+03
   0.112750E-03   0.313132E+03
   0.115027E-03   0.319237E+03
   0.117351E-03   0.325461E+03
   0.119722E-03   0.331807E+03
   0.122140E-03   0.338275E+03
   0.124608E-03   0.344870E+03
   0.127125E-03   0.351593E+03
   0.129693E-03   0.358447E+03
   0.132313E-03   0.365434E+03
   0.134986E-03   0.372557E+03
   0.137713E-03   0.379819E+03
   0.140495E-03   0.387222E+03
   0.143333E-03   0.394770E+03
   0.146228E-03   0.402464E+03
   0.149182E-03   0.410307E+03
   0.152196E-03   0.418303E+03
   0.155271E-03   0.426455E+03
   0.158407E-03   0.434765E+03
   0.161607E-03   0.443237E+03
   0.164872E-03   0.451873E+03
   0.168203E-03   0.460677E+03
   0.171601E-03   0.469653E+03
   0.175067E-03   0.478802E+03
   0.178604E-03   0.488129E+03
   0.182212E-03   0.497638E+03
   0.185893E-03   0.507331E+03
   0.189648E-03   0.517212E+03
   0.193479E-03   0.527285E+03
   0.197388E-03   0.537554E+03
   0.201375E-03   0.548022E+03
   0.205443E-03   0.558693E+03
   0.209594E-03   0.569570E+03
   0.213828E-03   0.580659E+03
   0.218147E-03   0.591963E+03
   0.222554E-03   0.603485E+03
   0.227050E-03   0.615231E+03
   0.231637E-03   0.627205E+03
   0.236316E-03   0.639410E+03
   0.241090E-03   0.651852E+03
   0.245960E-03   0.664534E+03
   0.250929E-03   0.677462E+03
   0.255998E-03   0.690639E+03
   0.261170E-03   0.704072E+03
   0.266446E-03   0.717764E+03
   0.271828E-03   0.731720E+03
   0.277319E-03   0.745946E+03
   0.282922E-03   0.760447E+03
   0.288637E-03   0.775227E+03
   0.294468E-03   0.790293E+03
   0.300417E-03   0.805649E+03
   0.306485E-03   0.821300E+03
   0.312677E-03   0.837254E+03
   0.318993E-03   0.853514E+03
   0.325437E-03   0.870088E+03
   0.332012E-03   0.886980E+03
   0.338719E-03   0.904196E+03
   0.345561E-03   0.921744E+03
   0.352542E-03   0.939628E+03
   0.359664E-03   0.957856E+03
   0.366930E-03   0.976433E+03
   0.374342E-03   0.995366E+03
   0.381904E-03   0.101466E+04
   0.389619E-03   0.103433E+04
   0.397490E-03   0.105437E+04
   0.405520E-03   0.107479E+04
   0.413712E-03   0.109560E+04
   0.422070E-03   0.111681E+04
   0.430596E-03   0.113843E+04
   0.439295E-03   0.116046E+04
   0.448169E-03   0.118290E+04
   0.457222E-03   0.120578E+04
   0.466459E-03   0.122908E+04
   0.475882E-03   0.125283E+04
   0.485496E-03   0.127703E+04
   0.495303E-03   0.130169E+04
   0.505309E-03   0.132681E+04
   0.515517E-03   0.135241E+04
   0.525931E-03   0.137849E+04
   0.536556E-03   0.140507E+04
   0.547395E-03   0.143214E+04
   0.558453E-03   0.145973E+04
   0.569734E-03   0.148783E+04
   0.581244E-03   0.151646E+04
   0.592986E-03   0.154563E+04
   0.604965E-03   0.157534E+04
   0.617186E-03   0.160560E+04
   0.629654E-03   0.163643E+04
   0.642374E-03   0.166784E+04
   0.655350E-03   0.169982E+04
   0.668589E-03   0.173241E+04
   0.682096E-03   0.176559E+04
   0.695875E-03   0.179939E+04
   0.709933E-03   0.183382E+04
   0.724274E-03   0.186888E+04
   0.738906E-03   0.190458E+04
   0.753832E-03   0.194095E+04
   0.769061E-03   0.197798E+04
   0.784597E-03   0.201569E+04
   0.800447E-03   0.205409E+04
   0.816617E-03   0.209318E+04
   0.833114E-03   0.213299E+04
   0.849944E-03   0.217353E+04
   0.867114E-03   0.221479E+04
   0.884631E-03   0.225680E+04
   0.902501E-03   0.229957E+04
   0.920733E-03   0.234311E+04
   0.939333E-03   0.238743E+04
   0.958309E-03   0.243254E+04
   0.977668E-03   0.247845E+04
   0.997418E-03   0.252518E+04
   0.101757E-02   0.257273E+04
   0.103812E-02   0.262113E+04
   0.105910E-02   0.267038E+04
   0.108049E-02   0.272050E+04
   0.110232E-02   0.277150E+04
   0.112459E-02   0.282339E+04
   0.114730E-02   0.287618E+04
   0.117048E-02   0.292989E+04
   0.119413E-02   0.298453E+04
   0.121825E-02   0.304011E+04
   0.124286E-02   0.309664E+04
   0.126797E-02   0.315414E+04
   0.129358E-02   0.321262E+04
   0.131971E-02   0.327208E+04
   0.134637E-02   0.333255E+04
   0.137357E-02   0.339404E+04
   0.140132E-02   0.345655E+04
   0.142963E-02   0.352011E+04
   0.145851E-02   0.358471E+04
   0.148797E-02   0.365038E+04
   0.151803E-02   0.371713E+04
   0.154870E-02   0.378496E+04
   0.157998E-02   0.385389E+04
   0.161190E-02   0.392393E+04
   0.164446E-02   0.399509E+04
   0.167768E-02   0.406738E+04
   0.171158E-02   0.414082E+04
   0.174615E-02   0.421542E+04
   0.178143E-02   0.429118E+04
   0.181741E-02   0.436812E+04
   0.185413E-02   0.444625E+04
   0.189158E-02   0.452557E+04
   0.192980E-02   0.460610E+04
   0.196878E-02   0.468784E+04
   0.200855E-02   0.477080E+04
   0.204913E-02   0.485498E+04
   0.209052E-02   0.494041E+04
   0.213276E-02   0.502707E+04
   0.217584E-02   0.511499E+04
   0.221979E-02   0.520416E+04
   0.226464E-02   0.529461E+04
   0.231039E-02   0.538633E+04
   0.235706E-02   0.547932E+04
   0.240467E-02   0.557359E+04
   0.245325E-02   0.566914E+04
   0.250281E-02   0.576597E+04
   0.255337E-02   0.586409E+04
   0.260495E-02   0.596350E+04
   0.265758E-02   0.606420E+04
   0.271126E-02   0.616619E+04
   0.276603E-02   0.626948E+04
   0.282191E-02   0.637405E+04
   0.287892E-02   0.647991E+04
   0.293708E-02   0.658705E+04
   0.299641E-02   0.669547E+04
   0.305694E-02   0.680517E+04
   0.311870E-02   0.691614E+04
   0.318170E-02   0.702837E+04
   0.324597E-02   0.714185E+04
   0.331155E-02   0.725658E+04
   0.337844E-02   0.737254E+04
   0.344669E-02   0.748973E+04
   0.351632E-02   0.760813E+04
   0.358735E-02   0.772772E+04
   0.365982E-02   0.784849E+04
   0.373376E-02   0.797043E+04
   0.380918E-02   0.809352E+04
   0.388613E-02   0.821773E+04
   0.396464E-02   0.834305E+04
   0.404473E-02   0.846946E+04
   0.412644E-02   0.859692E+04
   0.420980E-02   0.872542E+04
   0.429484E-02   0.885493E+04
   0.438160E-02   0.898542E+04
   0.447012E-02   0.911685E+04
   0.456042E-02   0.924920E+04
   0.465255E-02   0.938243E+04
   0.474653E-02   0.951651E+04
   0.484242E-02   0.965140E+04
   0.494024E-02   0.978705E+04
   0.504004E-02   0.992344E+04
   0.514186E-02   0.100605E+05
   0.524573E-02   0.101982E+05
   0.535170E-02   0.103365E+05
   0.545981E-02   0.104753E+05
   0.557011E-02   0.106145E+05
   0.568263E-02   0.107542E+05
   0.579743E-02   0.108943E+05
   0.591455E-02   0.110347E+05
   0.603403E-02   0.111754E+05
   0.615592E-02   0.113162E+05
   0.628028E-02   0.114572E+05
   0.640715E-02   0.115982E+05
   0.653658E-02   0.117392E+05
   0.666863E-02   0.118800E+05
   0.680335E-02   0.120206E+05
   0.694078E-02   0.121608E+05
   0.708100E-02   0.123007E+05
   0.722404E-02   0.124400E+05
   0.736998E-02   0.125788E+05
   0.751886E-02   0.127169E+05
   0.767075E-02   0.128543E+05
   0.782571E-02   0.129908E+05
   0.798380E-02   0.131263E+05
   0.814509E-02   0.132608E+05
   0.830963E-02   0.133941E+05
   0.847750E-02   0.135262E+05
   0.864875E-02   0.136569E+05
   0.882347E-02   0.137861E+05
   0.900171E-02   0.139136E+05
   0.918356E-02   0.140394E+05
   0.936908E-02   0.141632E+05
   0.955835E-02   0.142851E+05
   0.975144E-02   0.144047E+05
   0.994843E-02   0.145220E+05
   0.101494E-01   0.146369E+05
   0.103544E-01   0.147491E+05
   0.105636E-01   0.148586E+05
   0.107770E-01   0.149652E+05
   0.109947E-01   0.150686E+05
   0.112168E-01   0.151689E+05
   0.114434E-01   0.152658E+05
   0.116746E-01   0.153591E+05
   0.119104E-01   0.154487E+05
   0.121510E-01   0.155344E+05
   0.123965E-01   0.156161E+05
   0.126469E-01   0.156936E+05
   0.129024E-01   0.157666E+05
   0.131631E-01   0.158351E+05
   0.134290E-01   0.158988E+05
   0.137003E-01   0.159576E+05
   0.139770E-01   0.160113E+05
   0.142594E-01   0.160597E+05
   0.145474E-01   0.161027E+05
   0.148413E-01   0.161400E+05
   0.151411E-01   0.161715E+05
   0.154470E-01   0.161970E+05
   0.157590E-01   0.162164E+05
   0.160774E-01   0.162295E+05
   0.164022E-01   0.162362E+05
   0.167335E-01   0.162362E+05
   0.170716E-01   0.162294E+05
   0.174164E-01   0.162158E+05
   0.177683E-01   0.161951E+05
   0.181272E-01   0.161672E+05
   0.184934E-01   0.161321E+05
   0.188670E-01   0.160896E+05
   0.192481E-01   0.160396E+05
   0.196370E-01   0.159821E+05
   0.200337E-01   0.159169E+05
   0.204384E-01   0.158441E+05
   0.208513E-01   0.157636E+05
   0.212725E-01   0.156754E+05
   0.217022E-01   0.155794E+05
   0.221406E-01   0.154758E+05
   0.225879E-01   0.153646E+05
   0.230442E-01   0.152457E+05
   0.235097E-01   0.151195E+05
   0.239847E-01   0.149858E+05
   0.244692E-01   0.148450E+05
   0.249635E-01   0.146971E+05
   0.254678E-01   0.145424E+05
   0.259823E-01   0.143811E+05
   0.265072E-01   0.142134E+05
   0.270426E-01   0.140397E+05
   0.275889E-01   0.138602E+05
   0.281463E-01   0.136753E+05
   0.287149E-01   0.134854E+05
   0.292949E-01   0.132908E+05
   0.298867E-01   0.130920E+05
   0.304905E-01   0.128895E+05
   0.311064E-01   0.126837E+05
   0.317348E-01   0.124752E+05
   0.323759E-01   0.122645E+05
   0.330299E-01   0.120520E+05
   0.336972E-01   0.118384E+05
   0.343779E-01   0.116243E+05
   0.350724E-01   0.114101E+05
   0.357809E-01   0.111965E+05
   0.365038E-01   0.109839E+05
   0.372412E-01   0.107732E+05
   0.379935E-01   0.105648E+05
   0.387610E-01   0.103595E+05
   0.395440E-01   0.101578E+05
   0.403429E-01   0.996009E+04
   0.411579E-01   0.976671E+04
   0.419893E-01   0.957795E+04
   0.428375E-01   0.939406E+04
   0.437029E-01   0.921526E+04
   0.445858E-01   0.904198E+04
   0.454865E-01   0.887484E+04
   0.464053E-01   0.871441E+04
   0.473428E-01   0.856123E+04
   0.482992E-01   0.841573E+04
   0.492749E-01   0.827766E+04
   0.502703E-01   0.814635E+04
   0.512858E-01   0.802117E+04
   0.523219E-01   0.790155E+04
   0.533789E-01   0.778692E+04
   0.544572E-01   0.767674E+04
   0.555573E-01   0.757049E+04
   0.566796E-01   0.746770E+04
   0.578246E-01   0.736780E+04
   0.589927E-01   0.727009E+04
   0.601845E-01   0.717390E+04
   0.614003E-01   0.707857E+04
   0.626407E-01   0.698325E+04
   0.639061E-01   0.688696E+04
   0.651971E-01   0.678879E+04
   0.665142E-01   0.668773E+04
   0.678578E-01   0.658255E+04
   0.692287E-01   0.647206E+04
   0.706272E-01   0.635523E+04
   0.720539E-01   0.623143E+04
   0.735095E-01   0.610021E+04
   0.749945E-01   0.596130E+04
   0.765095E-01   0.581499E+04
   0.780551E-01   0.566176E+04
   0.796319E-01   0.550229E+04
   0.812406E-01   0.533783E+04
   0.828817E-01   0.516969E+04
   0.845561E-01   0.499930E+04
   0.862642E-01   0.482825E+04
   0.880068E-01   0.465804E+04
   0.897847E-01   0.449025E+04
   0.915985E-01   0.432634E+04
   0.934489E-01   0.416781E+04
   0.953367E-01   0.401619E+04
   0.972626E-01   0.387281E+04
   0.992274E-01   0.373887E+04
   0.101232E+00   0.361543E+04
   0.103277E+00   0.350337E+04
   0.105363E+00   0.340289E+04
   0.107492E+00   0.331389E+04
   0.109663E+00   0.323591E+04
   0.111879E+00   0.316758E+04
   0.114139E+00   0.310747E+04
   0.116445E+00   0.305359E+04
   0.118797E+00   0.300372E+04
   0.121197E+00   0.295563E+04
   0.123645E+00   0.290700E+04
   0.126143E+00   0.285573E+04
   0.128691E+00   0.280003E+04
   0.131291E+00   0.273846E+04
   0.133943E+00   0.267026E+04
   0.136649E+00   0.259515E+04
   0.139409E+00   0.251361E+04
   0.142226E+00   0.242656E+04
   0.145099E+00   0.233551E+04
   0.148030E+00   0.224225E+04
   0.151020E+00   0.214906E+04
   0.154071E+00   0.205832E+04
   0.157184E+00   0.197261E+04
   0.160359E+00   0.189415E+04
   0.163598E+00   0.182472E+04
   0.166903E+00   0.176488E+04
   0.170275E+00   0.171434E+04
   0.173715E+00   0.167195E+04
   0.177224E+00   0.163603E+04
   0.180804E+00   0.160452E+04
   0.184457E+00   0.157528E+04
   0.188183E+00   0.154605E+04
   0.191985E+00   0.151458E+04
   0.195863E+00   0.147895E+04
   0.199820E+00   0.143824E+04
   0.203856E+00   0.139267E+04
   0.207974E+00   0.134352E+04
   0.212176E+00   0.129266E+04
   0.216462E+00   0.124223E+04
   0.220835E+00   0.119432E+04
   0.225296E+00   0.115074E+04
   0.229847E+00   0.111265E+04
   0.234490E+00   0.108035E+04
   0.239227E+00   0.105325E+04
   0.244060E+00   0.103006E+04
   0.248990E+00   0.100901E+04
   0.254020E+00   0.988087E+03
   0.259152E+00   0.965504E+03
   0.264387E+00   0.940292E+03
   0.269728E+00   0.912587E+03
   0.275177E+00   0.883345E+03
   0.280736E+00   0.853872E+03
   0.286407E+00   0.825524E+03
   0.292193E+00   0.799533E+03
   0.298096E+00   0.776767E+03
   0.304118E+00   0.757141E+03
   0.310261E+00   0.739640E+03
   0.316529E+00   0.723133E+03
   0.322923E+00   0.706571E+03
   0.329447E+00   0.689062E+03
   0.336102E+00   0.670531E+03
   0.342892E+00   0.651321E+03
   0.349819E+00   0.632437E+03
   0.356885E+00   0.614620E+03
   0.364095E+00   0.598413E+03
   0.371450E+00   0.583625E+03
   0.378954E+00   0.570033E+03
   0.386609E+00   0.556878E+03
   0.394419E+00   0.543519E+03
   0.402387E+00   0.529902E+03
   0.410516E+00   0.516171E+03
   0.418809E+00   0.502782E+03
   0.427269E+00   0.490057E+03
   0.435901E+00   0.478218E+03
   0.444706E+00   0.467062E+03
   0.453690E+00   0.456269E+03
   0.462855E+00   0.445619E+03
   0.472206E+00   0.434943E+03
   0.481745E+00   0.424442E+03
   0.491477E+00   0.414332E+03
   0.501405E+00   0.404669E+03
   0.511534E+00   0.395444E+03
   0.521868E+00   0.386525E+03
   0.532411E+00   0.377763E+03
   0.543166E+00   0.369162E+03
   0.554139E+00   0.360760E+03
   0.565333E+00   0.352673E+03
   0.576753E+00   0.344879E+03
   0.588404E+00   0.337323E+03
   0.600291E+00   0.329961E+03
   0.612418E+00   0.322762E+03
   0.624789E+00   0.315771E+03
   0.637411E+00   0.308981E+03
   0.650288E+00   0.302398E+03
   0.663424E+00   0.296007E+03
   0.676826E+00   0.289793E+03
   0.690499E+00   0.283743E+03
   0.704448E+00   0.277851E+03
   0.718679E+00   0.272113E+03
   0.733197E+00   0.266527E+03
   0.748009E+00   0.261089E+03
   0.763119E+00   0.255794E+03
   0.778536E+00   0.250636E+03
   0.794263E+00   0.245607E+03
   0.810308E+00   0.240703E+03
   0.826677E+00   0.235918E+03
   0.843378E+00   0.231248E+03
   0.860415E+00   0.226689E+03
   0.877797E+00   0.222237E+03
   0.895529E+00   0.217886E+03
   0.913620E+00   0.213633E+03
   0.932076E+00   0.209473E+03
   0.950906E+00   0.205402E+03
   0.970115E+00   0.201415E+03
   0.989713E+00   0.197510E+03
   0.100971E+01   0.193683E+03
   0.103010E+01   0.189931E+03
   0.105091E+01   0.186250E+03
   0.107214E+01   0.182637E+03
   0.109380E+01   0.179087E+03
   0.111590E+01   0.175599E+03
   0.113844E+01   0.172170E+03
   0.116144E+01   0.168796E+03
   0.118490E+01   0.165477E+03
   0.120884E+01   0.162210E+03
   0.123326E+01   0.158991E+03
   0.125817E+01   0.155819E+03
   0.128359E+01   0.152692E+03
   0.130952E+01   0.149606E+03
   0.133597E+01   0.146562E+03
   0.136296E+01   0.143557E+03
   0.139049E+01   0.140589E+03
   0.141858E+01   0.137659E+03
   0.144724E+01   0.134764E+03
   0.147648E+01   0.131903E+03
   0.150630E+01   0.129075E+03
   0.153673E+01   0.126278E+03
   0.156778E+01   0.123513E+03
   0.159945E+01   0.120779E+03
   0.163176E+01   0.118075E+03
   0.166472E+01   0.115401E+03
   0.169835E+01   0.112756E+03
   0.173266E+01   0.110140E+03
   0.176766E+01   0.107553E+03
   0.180337E+01   0.104994E+03
   0.183980E+01   0.102465E+03
   0.187697E+01   0.999641E+02
   0.191489E+01   0.974928E+02
   0.195357E+01   0.950510E+02
   0.199304E+01   0.926384E+02
   0.203330E+01   0.902555E+02
   0.207437E+01   0.879029E+02
   0.211628E+01   0.855812E+02
   0.215903E+01   0.832911E+02
   0.220265E+01   0.810331E+02
   0.224714E+01   0.788078E+02
   0.229254E+01   0.766156E+02
   0.233885E+01   0.744570E+02
   0.238610E+01   0.723326E+02
   0.243430E+01   0.702425E+02
   0.248348E+01   0.681873E+02
   0.253365E+01   0.661676E+02
   0.258483E+01   0.641840E+02
   0.263705E+01   0.622372E+02
   0.269032E+01   0.603278E+02
   0.274466E+01   0.584562E+02
   0.280011E+01   0.566229E+02
   0.285668E+01   0.548282E+02
   0.291439E+01   0.530723E+02
   0.297326E+01   0.513555E+02
   0.303332E+01   0.496777E+02
   0.309460E+01   0.480392E+02
   0.315712E+01   0.464398E+02
   0.322090E+01   0.448797E+02
   0.328596E+01   0.433589E+02
   0.335234E+01   0.418774E+02
   0.342006E+01   0.404349E+02
   0.348916E+01   0.390312E+02
   0.355964E+01   0.376661E+02
   0.363155E+01   0.363393E+02
   0.370491E+01   0.350504E+02
   0.377976E+01   0.337990E+02
   0.385611E+01   0.325845E+02
   0.393401E+01   0.314065E+02
   0.401348E+01   0.302644E+02
   0.409456E+01   0.291574E+02
   0.417727E+01   0.280850E+02
   0.426166E+01   0.270464E+02
   0.434775E+01   0.260410E+02
   0.443558E+01   0.250681E+02
   0.452519E+01   0.241269E+02
   0.461660E+01   0.232168E+02
   0.470987E+01   0.223370E+02
   0.480501E+01   0.214869E+02
   0.490208E+01   0.206655E+02
   0.500111E+01   0.198723E+02
   0.510214E+01   0.191064E+02
   0.520521E+01   0.183669E+02
   0.531036E+01   0.176533E+02
   0.541763E+01   0.169647E+02
   0.552708E+01   0.163004E+02
   0.563873E+01   0.156597E+02
   0.575264E+01   0.150418E+02
   0.586885E+01   0.144462E+02
   0.598741E+01   0.138721E+02
   0.610836E+01   0.133188E+02
   0.623176E+01   0.127858E+02
   0.635765E+01   0.122723E+02
   0.648609E+01   0.117778E+02
   0.661711E+01   0.113017E+02
   0.675079E+01   0.108432E+02
   0.688716E+01   0.104020E+02
   0.702629E+01   0.997736E+01
   0.716823E+01   0.956879E+01
   0.731304E+01   0.917575E+01
   0.746077E+01   0.879770E+01
   0.761149E+01   0.843415E+01
   0.776525E+01   0.808459E+01
   0.792212E+01   0.774854E+01
   0.808217E+01   0.742552E+01
   0.824543E+01   0.711508E+01
   0.841200E+01   0.681677E+01
   0.858193E+01   0.653016E+01
   0.875530E+01   0.625483E+01
   0.893217E+01   0.599038E+01
   0.911261E+01   0.573641E+01
   0.929670E+01   0.549256E+01
   0.948451E+01   0.525844E+01
   0.967610E+01   0.503369E+01
   0.987158E+01   0.481798E+01
   0.100710E+02   0.461096E+01
   0.102744E+02   0.441231E+01
   0.104820E+02   0.422172E+01
   0.106938E+02   0.403888E+01
   0.109098E+02   0.386351E+01
   0.111302E+02   0.369531E+01
   0.113550E+02   0.353401E+01
   0.115844E+02   0.337936E+01
   0.118184E+02   0.323109E+01
   0.120572E+02   0.308897E+01
   0.123007E+02   0.295276E+01
   0.125492E+02   0.282223E+01
   0.128027E+02   0.269717E+01
   0.130614E+02   0.257736E+01
   0.133252E+02   0.246259E+01
   0.135944E+02   0.235268E+01
   0.138691E+02   0.224743E+01
   0.141492E+02   0.214665E+01
   0.144351E+02   0.205017E+01
   0.147267E+02   0.195782E+01
   0.150242E+02   0.186944E+01
   0.153277E+02   0.178485E+01
   0.156373E+02   0.170391E+01
   0.159532E+02   0.162647E+01
   0.162755E+02   0.155239E+01
   0.166043E+02   0.148153E+01
   0.169397E+02   0.141376E+01
   0.172819E+02   0.134894E+01
   0.176310E+02   0.128697E+01
   0.179872E+02   0.122771E+01
   0.183505E+02   0.117107E+01
   0.187212E+02   0.111692E+01
   0.190994E+02   0.106517E+01
   0.194853E+02   0.101572E+01
   0.198789E+02   0.968467E+00
   0.202805E+02   0.923320E+00
   0.206902E+02   0.880191E+00
   0.211081E+02   0.838994E+00
   0.215346E+02   0.799648E+00
   0.219696E+02   0.762075E+00
   0.224134E+02   0.726197E+00
   0.228662E+02   0.691943E+00
   0.233281E+02   0.659242E+00
   0.237994E+02   0.628028E+00
   0.242802E+02   0.598236E+00
   0.247707E+02   0.569805E+00
   0.252710E+02   0.542675E+00
   0.257816E+02   0.516790E+00
   0.263024E+02   0.492095E+00
   0.268337E+02   0.468537E+00
   0.273758E+02   0.446068E+00
   0.279288E+02   0.424638E+00
   0.284930E+02   0.404203E+00
   0.290686E+02   0.384717E+00
   0.296558E+02   0.366138E+00
   0.302549E+02   0.348427E+00
   0.308661E+02   0.331544E+00
   0.314897E+02   0.315452E+00
   0.321258E+02   0.300116E+00
   0.327748E+02   0.285502E+00
   0.334369E+02   0.271576E+00
   0.341123E+02   0.258309E+00
   0.348014E+02   0.245670E+00
   0.355045E+02   0.233630E+00
   0.362217E+02   0.222162E+00
   0.369535E+02   0.211240E+00
   0.377000E+02   0.200839E+00
   0.384616E+02   0.190935E+00
   0.392386E+02   0.181506E+00
   0.400312E+02   0.172528E+00
   0.408399E+02   0.163983E+00
   0.416649E+02   0.155848E+00
   0.425066E+02   0.148106E+00
   0.433653E+02   0.140738E+00
   0.442413E+02   0.133727E+00
   0.451350E+02   0.127055E+00
   0.460469E+02   0.120708E+00
   0.469770E+02   0.114669E+00
   0.479261E+02   0.108924E+00
   0.488942E+02   0.103460E+00
   0.498820E+02   0.982634E-01
   0.508896E+02   0.933209E-01
   0.519177E+02   0.886208E-01
   0.529665E+02   0.841516E-01
   0.540365E+02   0.799022E-01
   0.551281E+02   0.758623E-01
   0.562417E+02   0.720218E-01
   0.573779E+02   0.683712E-01
   0.585370E+02   0.649014E-01
   0.597195E+02   0.616037E-01
   0.609260E+02   0.584699E-01
   0.621568E+02   0.554920E-01
   0.634124E+02   0.526627E-01
   0.646934E+02   0.499745E-01
   0.660003E+02   0.474208E-01
   0.673336E+02   0.449950E-01
   0.686938E+02   0.426908E-01
   0.700816E+02   0.405023E-01
   0.714973E+02   0.384238E-01
   0.729416E+02   0.364497E-01
   0.744151E+02   0.345749E-01
   0.759184E+02   0.327946E-01
   0.774521E+02   0.311039E-01
   0.790167E+02   0.294986E-01
   0.806129E+02   0.279742E-01
   0.822415E+02   0.265269E-01
   0.839028E+02   0.251528E-01
   0.855978E+02   0.238483E-01
   0.873269E+02   0.226100E-01
   0.890911E+02   0.214347E-01
   0.908908E+02   0.203195E-01
   0.927270E+02   0.192615E-01
   0.946001E+02   0.182579E-01
   0.965112E+02   0.173060E-01
   0.984608E+02   0.164033E-01
   0.100450E+03   0.155474E-01
   0.102479E+03   0.147359E-01
   0.104549E+03   0.139667E-01
