#           k/h    P           
   0.100000E-03   0.417273E+03
   0.102020E-03   0.425410E+03
   0.104081E-03   0.433705E+03
   0.106184E-03   0.442161E+03
   0.108329E-03   0.450783E+03
   0.110517E-03   0.459572E+03
   0.112750E-03   0.468532E+03
   0.115027E-03   0.477667E+03
   0.117351E-03   0.486979E+03
   0.119722E-03   0.496473E+03
   0.122140E-03   0.506152E+03
   0.124608E-03   0.516019E+03
   0.127125E-03   0.526078E+03
   0.129693E-03   0.536333E+03
   0.132313E-03   0.546788E+03
   0.134986E-03   0.557446E+03
   0.137713E-03   0.568311E+03
   0.140495E-03   0.579388E+03
   0.143333E-03   0.590680E+03
   0.146228E-03   0.602192E+03
   0.149182E-03   0.613928E+03
   0.152196E-03   0.625892E+03
   0.155271E-03   0.638088E+03
   0.158407E-03   0.650522E+03
   0.161607E-03   0.663197E+03
   0.164872E-03   0.676119E+03
   0.168203E-03   0.689291E+03
   0.171601E-03   0.702720E+03
   0.175067E-03   0.716409E+03
   0.178604E-03   0.730365E+03
   0.182212E-03   0.744591E+03
   0.185893E-03   0.759093E+03
   0.189648E-03   0.773877E+03
   0.193479E-03   0.788948E+03
   0.197388E-03   0.804311E+03
   0.201375E-03   0.819973E+03
   0.205443E-03   0.835938E+03
   0.209594E-03   0.852212E+03
   0.213828E-03   0.868802E+03
   0.218147E-03   0.885714E+03
   0.222554E-03   0.902953E+03
   0.227050E-03   0.920526E+03
   0.231637E-03   0.938440E+03
   0.236316E-03   0.956700E+03
   0.241090E-03   0.975314E+03
   0.245960E-03   0.994288E+03
   0.250929E-03   0.101363E+04
   0.255998E-03   0.103334E+04
   0.261170E-03   0.105344E+04
   0.266446E-03   0.107392E+04
   0.271828E-03   0.109480E+04
   0.277319E-03   0.111608E+04
   0.282922E-03   0.113778E+04
   0.288637E-03   0.115989E+04
   0.294468E-03   0.118243E+04
   0.300417E-03   0.120540E+04
   0.306485E-03   0.122881E+04
   0.312677E-03   0.125268E+04
   0.318993E-03   0.127701E+04
   0.325437E-03   0.130180E+04
   0.332012E-03   0.132707E+04
   0.338719E-03   0.135282E+04
   0.345561E-03   0.137907E+04
   0.352542E-03   0.140583E+04
   0.359664E-03   0.143309E+04
   0.366930E-03   0.146088E+04
   0.374342E-03   0.148920E+04
   0.381904E-03   0.151807E+04
   0.389619E-03   0.154748E+04
   0.397490E-03   0.157746E+04
   0.405520E-03   0.160801E+04
   0.413712E-03   0.163914E+04
   0.422070E-03   0.167087E+04
   0.430596E-03   0.170320E+04
   0.439295E-03   0.173615E+04
   0.448169E-03   0.176973E+04
   0.457222E-03   0.180394E+04
   0.466459E-03   0.183880E+04
   0.475882E-03   0.187432E+04
   0.485496E-03   0.191052E+04
   0.495303E-03   0.194740E+04
   0.505309E-03   0.198498E+04
   0.515517E-03   0.202327E+04
   0.525931E-03   0.206228E+04
   0.536556E-03   0.210203E+04
   0.547395E-03   0.214252E+04
   0.558453E-03   0.218378E+04
   0.569734E-03   0.222581E+04
   0.581244E-03   0.226863E+04
   0.592986E-03   0.231225E+04
   0.604965E-03   0.235669E+04
   0.617186E-03   0.240195E+04
   0.629654E-03   0.244806E+04
   0.642374E-03   0.249503E+04
   0.655350E-03   0.254288E+04
   0.668589E-03   0.259161E+04
   0.682096E-03   0.264125E+04
   0.695875E-03   0.269180E+04
   0.709933E-03   0.274329E+04
   0.724274E-03   0.279573E+04
   0.738906E-03   0.284913E+04
   0.753832E-03   0.290351E+04
   0.769061E-03   0.295889E+04
   0.784597E-03   0.301529E+04
   0.800447E-03   0.307272E+04
   0.816617E-03   0.313119E+04
   0.833114E-03   0.319073E+04
   0.849944E-03   0.325134E+04
   0.867114E-03   0.331306E+04
   0.884631E-03   0.337589E+04
   0.902501E-03   0.343985E+04
   0.920733E-03   0.350496E+04
   0.939333E-03   0.357125E+04
   0.958309E-03   0.363871E+04
   0.977668E-03   0.370738E+04
   0.997418E-03   0.377728E+04
   0.101757E-02   0.384841E+04
   0.103812E-02   0.392080E+04
   0.105910E-02   0.399447E+04
   0.108049E-02   0.406943E+04
   0.110232E-02   0.414571E+04
   0.112459E-02   0.422332E+04
   0.114730E-02   0.430228E+04
   0.117048E-02   0.438261E+04
   0.119413E-02   0.446432E+04
   0.121825E-02   0.454745E+04
   0.124286E-02   0.463200E+04
   0.126797E-02   0.471800E+04
   0.129358E-02   0.480545E+04
   0.131971E-02   0.489439E+04
   0.134637E-02   0.498483E+04
   0.137357E-02   0.507679E+04
   0.140132E-02   0.517029E+04
   0.142963E-02   0.526534E+04
   0.145851E-02   0.536196E+04
   0.148797E-02   0.546018E+04
   0.151803E-02   0.556000E+04
   0.154870E-02   0.566145E+04
   0.157998E-02   0.576455E+04
   0.161190E-02   0.586931E+04
   0.164446E-02   0.597574E+04
   0.167768E-02   0.608387E+04
   0.171158E-02   0.619372E+04
   0.174615E-02   0.630529E+04
   0.178143E-02   0.641860E+04
   0.181741E-02   0.653367E+04
   0.185413E-02   0.665051E+04
   0.189158E-02   0.676914E+04
   0.192980E-02   0.688957E+04
   0.196878E-02   0.701181E+04
   0.200855E-02   0.713589E+04
   0.204913E-02   0.726180E+04
   0.209052E-02   0.738956E+04
   0.213276E-02   0.751918E+04
   0.217584E-02   0.765067E+04
   0.221979E-02   0.778405E+04
   0.226464E-02   0.791931E+04
   0.231039E-02   0.805648E+04
   0.235706E-02   0.819554E+04
   0.240467E-02   0.833652E+04
   0.245325E-02   0.847942E+04
   0.250281E-02   0.862424E+04
   0.255337E-02   0.877099E+04
   0.260495E-02   0.891966E+04
   0.265758E-02   0.907026E+04
   0.271126E-02   0.922279E+04
   0.276603E-02   0.937725E+04
   0.282191E-02   0.953364E+04
   0.287892E-02   0.969195E+04
   0.293708E-02   0.985218E+04
   0.299641E-02   0.100143E+05
   0.305694E-02   0.101784E+05
   0.311870E-02   0.103443E+05
   0.318170E-02   0.105121E+05
   0.324597E-02   0.106818E+05
   0.331155E-02   0.108534E+05
   0.337844E-02   0.110268E+05
   0.344669E-02   0.112020E+05
   0.351632E-02   0.113791E+05
   0.358735E-02   0.115579E+05
   0.365982E-02   0.117385E+05
   0.373376E-02   0.119208E+05
   0.380918E-02   0.121049E+05
   0.388613E-02   0.122906E+05
   0.396464E-02   0.124780E+05
   0.404473E-02   0.126670E+05
   0.412644E-02   0.128576E+05
   0.420980E-02   0.130497E+05
   0.429484E-02   0.132433E+05
   0.438160E-02   0.134384E+05
   0.447012E-02   0.136349E+05
   0.456042E-02   0.138327E+05
   0.465255E-02   0.140319E+05
   0.474653E-02   0.142324E+05
   0.484242E-02   0.144340E+05
   0.494024E-02   0.146368E+05
   0.504004E-02   0.148406E+05
   0.514186E-02   0.150455E+05
   0.524573E-02   0.152513E+05
   0.535170E-02   0.154579E+05
   0.545981E-02   0.156654E+05
   0.557011E-02   0.158735E+05
   0.568263E-02   0.160823E+05
   0.579743E-02   0.162916E+05
   0.591455E-02   0.165014E+05
   0.603403E-02   0.167116E+05
   0.615592E-02   0.169220E+05
   0.628028E-02   0.171326E+05
   0.640715E-02   0.173433E+05
   0.653658E-02   0.175538E+05
   0.666863E-02   0.177641E+05
   0.680335E-02   0.179741E+05
   0.694078E-02   0.181835E+05
   0.708100E-02   0.183923E+05
   0.722404E-02   0.186004E+05
   0.736998E-02   0.188075E+05
   0.751886E-02   0.190137E+05
   0.767075E-02   0.192186E+05
   0.782571E-02   0.194223E+05
   0.798380E-02   0.196246E+05
   0.814509E-02   0.198252E+05
   0.830963E-02   0.200241E+05
   0.847750E-02   0.202210E+05
   0.864875E-02   0.204158E+05
   0.882347E-02   0.206084E+05
   0.900171E-02   0.207984E+05
   0.918356E-02   0.209857E+05
   0.936908E-02   0.211702E+05
   0.955835E-02   0.213516E+05
   0.975144E-02   0.215296E+05
   0.994843E-02   0.217041E+05
   0.101494E-01   0.218749E+05
   0.103544E-01   0.220418E+05
   0.105636E-01   0.222044E+05
   0.107770E-01   0.223626E+05
   0.109947E-01   0.225162E+05
   0.112168E-01   0.226648E+05
   0.114434E-01   0.228083E+05
   0.116746E-01   0.229465E+05
   0.119104E-01   0.230789E+05
   0.121510E-01   0.232056E+05
   0.123965E-01   0.233260E+05
   0.126469E-01   0.234401E+05
   0.129024E-01   0.235475E+05
   0.131631E-01   0.236479E+05
   0.134290E-01   0.237411E+05
   0.137003E-01   0.238269E+05
   0.139770E-01   0.239049E+05
   0.142594E-01   0.239748E+05
   0.145474E-01   0.240365E+05
   0.148413E-01   0.240897E+05
   0.151411E-01   0.241340E+05
   0.154470E-01   0.241693E+05
   0.157590E-01   0.241952E+05
   0.160774E-01   0.242116E+05
   0.164022E-01   0.242181E+05
   0.167335E-01   0.242146E+05
   0.170716E-01   0.242008E+05
   0.174164E-01   0.241766E+05
   0.177683E-01   0.241416E+05
   0.181272E-01   0.240957E+05
   0.184934E-01   0.240388E+05
   0.188670E-01   0.239706E+05
   0.192481E-01   0.238911E+05
   0.196370E-01   0.238001E+05
   0.200337E-01   0.236975E+05
   0.204384E-01   0.235833E+05
   0.208513E-01   0.234574E+05
   0.212725E-01   0.233197E+05
   0.217022E-01   0.231704E+05
   0.221406E-01   0.230094E+05
   0.225879E-01   0.228368E+05
   0.230442E-01   0.226527E+05
   0.235097E-01   0.224574E+05
   0.239847E-01   0.222509E+05
   0.244692E-01   0.220335E+05
   0.249635E-01   0.218055E+05
   0.254678E-01   0.215673E+05
   0.259823E-01   0.213192E+05
   0.265072E-01   0.210615E+05
   0.270426E-01   0.207948E+05
   0.275889E-01   0.205195E+05
   0.281463E-01   0.202362E+05
   0.287149E-01   0.199455E+05
   0.292949E-01   0.196481E+05
   0.298867E-01   0.193444E+05
   0.304905E-01   0.190354E+05
   0.311064E-01   0.187219E+05
   0.317348E-01   0.184045E+05
   0.323759E-01   0.180840E+05
   0.330299E-01   0.177613E+05
   0.336972E-01   0.174372E+05
   0.343779E-01   0.171126E+05
   0.350724E-01   0.167884E+05
   0.357809E-01   0.164654E+05
   0.365038E-01   0.161445E+05
   0.372412E-01   0.158265E+05
   0.379935E-01   0.155126E+05
   0.387610E-01   0.152035E+05
   0.395440E-01   0.149000E+05
   0.403429E-01   0.146029E+05
   0.411579E-01   0.143124E+05
   0.419893E-01   0.140291E+05
   0.428375E-01   0.137533E+05
   0.437029E-01   0.134853E+05
   0.445858E-01   0.132256E+05
   0.454865E-01   0.129750E+05
   0.464053E-01   0.127342E+05
   0.473428E-01   0.125038E+05
   0.482992E-01   0.122844E+05
   0.492749E-01   0.120756E+05
   0.502703E-01   0.118763E+05
   0.512858E-01   0.116855E+05
   0.523219E-01   0.115025E+05
   0.533789E-01   0.113264E+05
   0.544572E-01   0.111563E+05
   0.555573E-01   0.109916E+05
   0.566796E-01   0.108314E+05
   0.578246E-01   0.106750E+05
   0.589927E-01   0.105215E+05
   0.601845E-01   0.103698E+05
   0.614003E-01   0.102191E+05
   0.626407E-01   0.100684E+05
   0.639061E-01   0.991639E+04
   0.651971E-01   0.976199E+04
   0.665142E-01   0.960404E+04
   0.678578E-01   0.944117E+04
   0.692287E-01   0.927211E+04
   0.706272E-01   0.909579E+04
   0.720539E-01   0.891174E+04
   0.735095E-01   0.871972E+04
   0.749945E-01   0.851969E+04
   0.765095E-01   0.831228E+04
   0.780551E-01   0.809833E+04
   0.796319E-01   0.787887E+04
   0.812406E-01   0.765548E+04
   0.828817E-01   0.742977E+04
   0.845561E-01   0.720349E+04
   0.862642E-01   0.697858E+04
   0.880068E-01   0.675683E+04
   0.897847E-01   0.653984E+04
   0.915985E-01   0.632905E+04
   0.934489E-01   0.612584E+04
   0.953367E-01   0.593158E+04
   0.972626E-01   0.574748E+04
   0.992274E-01   0.557445E+04
   0.101232E+00   0.541315E+04
   0.103277E+00   0.526410E+04
   0.105363E+00   0.512709E+04
   0.107492E+00   0.500161E+04
   0.109663E+00   0.488686E+04
   0.111879E+00   0.478122E+04
   0.114139E+00   0.468305E+04
   0.116445E+00   0.459041E+04
   0.118797E+00   0.450123E+04
   0.121197E+00   0.441358E+04
   0.123645E+00   0.432562E+04
   0.126143E+00   0.423576E+04
   0.128691E+00   0.414292E+04
   0.131291E+00   0.404629E+04
   0.133943E+00   0.394558E+04
   0.136649E+00   0.384087E+04
   0.139409E+00   0.373319E+04
   0.142226E+00   0.362378E+04
   0.145099E+00   0.351373E+04
   0.148030E+00   0.340421E+04
   0.151020E+00   0.329683E+04
   0.154071E+00   0.319309E+04
   0.157184E+00   0.309421E+04
   0.160359E+00   0.300145E+04
   0.163598E+00   0.291590E+04
   0.166903E+00   0.283696E+04
   0.170275E+00   0.276363E+04
   0.173715E+00   0.269543E+04
   0.177224E+00   0.263133E+04
   0.180804E+00   0.256983E+04
   0.184457E+00   0.250987E+04
   0.188183E+00   0.245050E+04
   0.191985E+00   0.239092E+04
   0.195863E+00   0.233067E+04
   0.199820E+00   0.226953E+04
   0.203856E+00   0.220775E+04
   0.207974E+00   0.214622E+04
   0.212176E+00   0.208599E+04
   0.216462E+00   0.202751E+04
   0.220835E+00   0.197112E+04
   0.225296E+00   0.191754E+04
   0.229847E+00   0.186694E+04
   0.234490E+00   0.181887E+04
   0.239227E+00   0.177309E+04
   0.244060E+00   0.172932E+04
   0.248990E+00   0.168700E+04
   0.254020E+00   0.164558E+04
   0.259152E+00   0.160462E+04
   0.264387E+00   0.156410E+04
   0.269728E+00   0.152422E+04
   0.275177E+00   0.148488E+04
   0.280736E+00   0.144717E+04
   0.286407E+00   0.141052E+04
   0.292193E+00   0.137500E+04
   0.298096E+00   0.134097E+04
   0.304118E+00   0.130859E+04
   0.310261E+00   0.127712E+04
   0.316529E+00   0.124662E+04
   0.322923E+00   0.121696E+04
   0.329447E+00   0.118782E+04
   0.336102E+00   0.115948E+04
   0.342892E+00   0.113180E+04
   0.349819E+00   0.110499E+04
   0.356885E+00   0.107895E+04
   0.364095E+00   0.105398E+04
   0.371450E+00   0.102969E+04
   0.378954E+00   0.100634E+04
   0.386609E+00   0.983741E+03
   0.394419E+00   0.961535E+03
   0.402387E+00   0.940017E+03
   0.410516E+00   0.918924E+03
   0.418809E+00   0.898555E+03
   0.427269E+00   0.878763E+03
   0.435901E+00   0.859684E+03
   0.444706E+00   0.841220E+03
   0.453690E+00   0.823264E+03
   0.462855E+00   0.805850E+03
   0.472206E+00   0.788708E+03
   0.481745E+00   0.772101E+03
   0.491477E+00   0.756004E+03
   0.501405E+00   0.740390E+03
   0.511534E+00   0.725208E+03
   0.521868E+00   0.710484E+03
   0.532411E+00   0.696116E+03
   0.543166E+00   0.682104E+03
   0.554139E+00   0.668419E+03
   0.565333E+00   0.655160E+03
   0.576753E+00   0.642258E+03
   0.588404E+00   0.629680E+03
   0.600291E+00   0.617413E+03
   0.612418E+00   0.605427E+03
   0.624789E+00   0.593752E+03
   0.637411E+00   0.582346E+03
   0.650288E+00   0.571221E+03
   0.663424E+00   0.560362E+03
   0.676826E+00   0.549752E+03
   0.690499E+00   0.539375E+03
   0.704448E+00   0.529221E+03
   0.718679E+00   0.519282E+03
   0.733197E+00   0.509553E+03
   0.748009E+00   0.500026E+03
   0.763119E+00   0.490692E+03
   0.778536E+00   0.481542E+03
   0.794263E+00   0.472565E+03
   0.810308E+00   0.463754E+03
   0.826677E+00   0.455100E+03
   0.843378E+00   0.446599E+03
   0.860415E+00   0.438244E+03
   0.877797E+00   0.430030E+03
   0.895529E+00   0.421950E+03
   0.913620E+00   0.413997E+03
   0.932076E+00   0.406165E+03
   0.950906E+00   0.398448E+03
   0.970115E+00   0.390841E+03
   0.989713E+00   0.383341E+03
   0.100971E+01   0.375944E+03
   0.103010E+01   0.368647E+03
   0.105091E+01   0.361444E+03
   0.107214E+01   0.354333E+03
   0.109380E+01   0.347308E+03
   0.111590E+01   0.340368E+03
   0.113844E+01   0.333509E+03
   0.116144E+01   0.326730E+03
   0.118490E+01   0.320030E+03
   0.120884E+01   0.313406E+03
   0.123326E+01   0.306858E+03
   0.125817E+01   0.300382E+03
   0.128359E+01   0.293976E+03
   0.130952E+01   0.287641E+03
   0.133597E+01   0.281376E+03
   0.136296E+01   0.275181E+03
   0.139049E+01   0.269055E+03
   0.141858E+01   0.263000E+03
   0.144724E+01   0.257014E+03
   0.147648E+01   0.251097E+03
   0.150630E+01   0.245250E+03
   0.153673E+01   0.239472E+03
   0.156778E+01   0.233766E+03
   0.159945E+01   0.228131E+03
   0.163176E+01   0.222569E+03
   0.166472E+01   0.217081E+03
   0.169835E+01   0.211667E+03
   0.173266E+01   0.206328E+03
   0.176766E+01   0.201065E+03
   0.180337E+01   0.195879E+03
   0.183980E+01   0.190772E+03
   0.187697E+01   0.185745E+03
   0.191489E+01   0.180798E+03
   0.195357E+01   0.175933E+03
   0.199304E+01   0.171150E+03
   0.203330E+01   0.166450E+03
   0.207437E+01   0.161834E+03
   0.211628E+01   0.157303E+03
   0.215903E+01   0.152857E+03
   0.220265E+01   0.148498E+03
   0.224714E+01   0.144226E+03
   0.229254E+01   0.140041E+03
   0.233885E+01   0.135943E+03
   0.238610E+01   0.131932E+03
   0.243430E+01   0.128009E+03
   0.248348E+01   0.124173E+03
   0.253365E+01   0.120424E+03
   0.258483E+01   0.116761E+03
   0.263705E+01   0.113184E+03
   0.269032E+01   0.109694E+03
   0.274466E+01   0.106288E+03
   0.280011E+01   0.102966E+03
   0.285668E+01   0.997284E+02
   0.291439E+01   0.965733E+02
   0.297326E+01   0.934999E+02
   0.303332E+01   0.905074E+02
   0.309460E+01   0.875947E+02
   0.315712E+01   0.847606E+02
   0.322090E+01   0.820038E+02
   0.328596E+01   0.793229E+02
   0.335234E+01   0.767166E+02
   0.342006E+01   0.741836E+02
   0.348916E+01   0.717224E+02
   0.355964E+01   0.693317E+02
   0.363155E+01   0.670101E+02
   0.370491E+01   0.647561E+02
   0.377976E+01   0.625684E+02
   0.385611E+01   0.604455E+02
   0.393401E+01   0.583860E+02
   0.401348E+01   0.563885E+02
   0.409456E+01   0.544515E+02
   0.417727E+01   0.525735E+02
   0.426166E+01   0.507533E+02
   0.434775E+01   0.489892E+02
   0.443558E+01   0.472801E+02
   0.452519E+01   0.456245E+02
   0.461660E+01   0.440210E+02
   0.470987E+01   0.424683E+02
   0.480501E+01   0.409651E+02
   0.490208E+01   0.395101E+02
   0.500111E+01   0.381020E+02
   0.510214E+01   0.367394E+02
   0.520521E+01   0.354211E+02
   0.531036E+01   0.341458E+02
   0.541763E+01   0.329124E+02
   0.552708E+01   0.317196E+02
   0.563873E+01   0.305663E+02
   0.575264E+01   0.294513E+02
   0.586885E+01   0.283735E+02
   0.598741E+01   0.273318E+02
   0.610836E+01   0.263253E+02
   0.623176E+01   0.253527E+02
   0.635765E+01   0.244131E+02
   0.648609E+01   0.235056E+02
   0.661711E+01   0.226290E+02
   0.675079E+01   0.217826E+02
   0.688716E+01   0.209653E+02
   0.702629E+01   0.201763E+02
   0.716823E+01   0.194146E+02
   0.731304E+01   0.186795E+02
   0.746077E+01   0.179701E+02
   0.761149E+01   0.172857E+02
   0.776525E+01   0.166253E+02
   0.792212E+01   0.159883E+02
   0.808217E+01   0.153739E+02
   0.824543E+01   0.147814E+02
   0.841200E+01   0.142101E+02
   0.858193E+01   0.136594E+02
   0.875530E+01   0.131284E+02
   0.893217E+01   0.126167E+02
   0.911261E+01   0.121236E+02
   0.929670E+01   0.116484E+02
   0.948451E+01   0.111906E+02
   0.967610E+01   0.107496E+02
   0.987158E+01   0.103248E+02
   0.100710E+02   0.991567E+01
   0.102744E+02   0.952171E+01
   0.104820E+02   0.914240E+01
   0.106938E+02   0.877723E+01
   0.109098E+02   0.842571E+01
   0.111302E+02   0.808738E+01
   0.113550E+02   0.776179E+01
   0.115844E+02   0.744849E+01
   0.118184E+02   0.714705E+01
   0.120572E+02   0.685707E+01
   0.123007E+02   0.657813E+01
   0.125492E+02   0.630987E+01
   0.128027E+02   0.605189E+01
   0.130614E+02   0.580384E+01
   0.133252E+02   0.556535E+01
   0.135944E+02   0.533610E+01
   0.138691E+02   0.511575E+01
   0.141492E+02   0.490398E+01
   0.144351E+02   0.470048E+01
   0.147267E+02   0.450496E+01
   0.150242E+02   0.431711E+01
   0.153277E+02   0.413667E+01
   0.156373E+02   0.396335E+01
   0.159532E+02   0.379691E+01
   0.162755E+02   0.363708E+01
   0.166043E+02   0.348362E+01
   0.169397E+02   0.333630E+01
   0.172819E+02   0.319488E+01
   0.176310E+02   0.305914E+01
   0.179872E+02   0.292888E+01
   0.183505E+02   0.280388E+01
   0.187212E+02   0.268395E+01
   0.190994E+02   0.256889E+01
   0.194853E+02   0.245852E+01
   0.198789E+02   0.235267E+01
   0.202805E+02   0.225114E+01
   0.206902E+02   0.215379E+01
   0.211081E+02   0.206045E+01
   0.215346E+02   0.197096E+01
   0.219696E+02   0.188518E+01
   0.224134E+02   0.180296E+01
   0.228662E+02   0.172416E+01
   0.233281E+02   0.164865E+01
   0.237994E+02   0.157630E+01
   0.242802E+02   0.150698E+01
   0.247707E+02   0.144057E+01
   0.252710E+02   0.137697E+01
   0.257816E+02   0.131605E+01
   0.263024E+02   0.125770E+01
   0.268337E+02   0.120184E+01
   0.273758E+02   0.114835E+01
   0.279288E+02   0.109714E+01
   0.284930E+02   0.104812E+01
   0.290686E+02   0.100121E+01
   0.296558E+02   0.956303E+00
   0.302549E+02   0.913333E+00
   0.308661E+02   0.872218E+00
   0.314897E+02   0.832882E+00
   0.321258E+02   0.795252E+00
   0.327748E+02   0.759257E+00
   0.334369E+02   0.724830E+00
   0.341123E+02   0.691906E+00
   0.348014E+02   0.660424E+00
   0.355045E+02   0.630321E+00
   0.362217E+02   0.601542E+00
   0.369535E+02   0.574030E+00
   0.377000E+02   0.547732E+00
   0.384616E+02   0.522595E+00
   0.392386E+02   0.498572E+00
   0.400312E+02   0.475614E+00
   0.408399E+02   0.453677E+00
   0.416649E+02   0.432717E+00
   0.425066E+02   0.412692E+00
   0.433653E+02   0.393561E+00
   0.442413E+02   0.375288E+00
   0.451350E+02   0.357834E+00
   0.460469E+02   0.341165E+00
   0.469770E+02   0.325247E+00
   0.479261E+02   0.310048E+00
   0.488942E+02   0.295536E+00
   0.498820E+02   0.281682E+00
   0.508896E+02   0.268458E+00
   0.519177E+02   0.255835E+00
   0.529665E+02   0.243787E+00
   0.540365E+02   0.232290E+00
   0.551281E+02   0.221319E+00
   0.562417E+02   0.210851E+00
   0.573779E+02   0.200865E+00
   0.585370E+02   0.191338E+00
   0.597195E+02   0.182252E+00
   0.609260E+02   0.173585E+00
   0.621568E+02   0.165320E+00
   0.634124E+02   0.157439E+00
   0.646934E+02   0.149925E+00
   0.660003E+02   0.142761E+00
   0.673336E+02   0.135932E+00
   0.686938E+02   0.129422E+00
   0.700816E+02   0.123217E+00
   0.714973E+02   0.117302E+00
   0.729416E+02   0.111665E+00
   0.744151E+02   0.106291E+00
   0.759184E+02   0.101169E+00
   0.774521E+02   0.962876E-01
   0.790167E+02   0.916348E-01
   0.806129E+02   0.872003E-01
   0.822415E+02   0.829739E-01
   0.839028E+02   0.789461E-01
   0.855978E+02   0.751077E-01
   0.873269E+02   0.714504E-01
   0.890911E+02   0.679664E-01
   0.908908E+02   0.646484E-01
   0.927270E+02   0.614890E-01
   0.946001E+02   0.584812E-01
   0.965112E+02   0.556185E-01
   0.984608E+02   0.528941E-01
   0.100450E+03   0.503020E-01
   0.102479E+03   0.478362E-01
   0.104549E+03   0.454907E-01
