#          k/h    CDM            baryon         photon         nu             mass_nu        total          no_nu          total_de       Weyl           v_CDM          v_b            v_b-v_c     
   0.104976E-04   0.197876E+08   0.197876E+08   0.263697E+08   0.263694E+08   0.197898E+08   0.197876E+08   0.197876E+08   0.197943E+08  -0.473119E+00   0.104471E+08   0.104471E+08   0.517239E+01
   0.115913E-04   0.197876E+08   0.197876E+08   0.263666E+08   0.263663E+08   0.197898E+08   0.197876E+08   0.197876E+08   0.197943E+08  -0.473119E+00   0.104471E+08   0.104471E+08   0.571110E+01
   0.127990E-04   0.197876E+08   0.197876E+08   0.263629E+08   0.263625E+08   0.197898E+08   0.197876E+08   0.197876E+08   0.197943E+08  -0.473119E+00   0.104471E+08   0.104471E+08   0.630588E+01
   0.141325E-04   0.197876E+08   0.197876E+08   0.263584E+08   0.263579E+08   0.197897E+08   0.197876E+08   0.197876E+08   0.197943E+08  -0.473119E+00   0.104471E+08   0.104471E+08   0.696253E+01
   0.156050E-04   0.197876E+08   0.197876E+08   0.263529E+08   0.263522E+08   0.197897E+08   0.197876E+08   0.197876E+08   0.197942E+08  -0.473118E+00   0.104471E+08   0.104471E+08   0.768748E+01
   0.172309E-04   0.197876E+08   0.197876E+08   0.263462E+08   0.263454E+08   0.197897E+08   0.197876E+08   0.197876E+08   0.197942E+08  -0.473118E+00   0.104471E+08   0.104471E+08   0.848780E+01
   0.190261E-04   0.197876E+08   0.197876E+08   0.263380E+08   0.263370E+08   0.197897E+08   0.197876E+08   0.197876E+08   0.197942E+08  -0.473118E+00   0.104471E+08   0.104471E+08   0.937128E+01
   0.210084E-04   0.197875E+08   0.197875E+08   0.263281E+08   0.263269E+08   0.197896E+08   0.197875E+08   0.197875E+08   0.197942E+08  -0.473117E+00   0.104471E+08   0.104471E+08   0.103465E+02
   0.231973E-04   0.197875E+08   0.197875E+08   0.263159E+08   0.263145E+08   0.197896E+08   0.197875E+08   0.197875E+08   0.197942E+08  -0.473116E+00   0.104471E+08   0.104471E+08   0.114230E+02
   0.256142E-04   0.197875E+08   0.197875E+08   0.263011E+08   0.262993E+08   0.197895E+08   0.197875E+08   0.197875E+08   0.197941E+08  -0.473116E+00   0.104471E+08   0.104471E+08   0.126111E+02
   0.282829E-04   0.197875E+08   0.197874E+08   0.262831E+08   0.262809E+08   0.197894E+08   0.197875E+08   0.197875E+08   0.197941E+08  -0.473115E+00   0.104471E+08   0.104471E+08   0.139222E+02
   0.312296E-04   0.197874E+08   0.197874E+08   0.262611E+08   0.262585E+08   0.197893E+08   0.197874E+08   0.197874E+08   0.197940E+08  -0.473113E+00   0.104470E+08   0.104470E+08   0.153690E+02
   0.344834E-04   0.197874E+08   0.197874E+08   0.262343E+08   0.262311E+08   0.197892E+08   0.197874E+08   0.197874E+08   0.197940E+08  -0.473112E+00   0.104470E+08   0.104470E+08   0.169653E+02
   0.380762E-04   0.197873E+08   0.197873E+08   0.262017E+08   0.261978E+08   0.197890E+08   0.197873E+08   0.197873E+08   0.197939E+08  -0.473110E+00   0.104470E+08   0.104470E+08   0.187261E+02
   0.420433E-04   0.197872E+08   0.197872E+08   0.261620E+08   0.261573E+08   0.197888E+08   0.197872E+08   0.197872E+08   0.197938E+08  -0.473108E+00   0.104469E+08   0.104469E+08   0.206680E+02
   0.464237E-04   0.197871E+08   0.197871E+08   0.261137E+08   0.261079E+08   0.197886E+08   0.197872E+08   0.197871E+08   0.197937E+08  -0.473105E+00   0.104469E+08   0.104469E+08   0.228091E+02
   0.512605E-04   0.197870E+08   0.197870E+08   0.260549E+08   0.260479E+08   0.197883E+08   0.197870E+08   0.197870E+08   0.197936E+08  -0.473102E+00   0.104468E+08   0.104468E+08   0.251691E+02
   0.566013E-04   0.197869E+08   0.197869E+08   0.259834E+08   0.259748E+08   0.197880E+08   0.197869E+08   0.197869E+08   0.197935E+08  -0.473098E+00   0.104468E+08   0.104468E+08   0.277692E+02
   0.624985E-04   0.197867E+08   0.197867E+08   0.258964E+08   0.258860E+08   0.197876E+08   0.197867E+08   0.197867E+08   0.197933E+08  -0.473093E+00   0.104467E+08   0.104467E+08   0.306326E+02
   0.690101E-04   0.197865E+08   0.197865E+08   0.257907E+08   0.257781E+08   0.197871E+08   0.197865E+08   0.197865E+08   0.197931E+08  -0.473087E+00   0.104466E+08   0.104466E+08   0.337841E+02
   0.762002E-04   0.197863E+08   0.197863E+08   0.256624E+08   0.256471E+08   0.197865E+08   0.197863E+08   0.197863E+08   0.197928E+08  -0.473080E+00   0.104464E+08   0.104464E+08   0.372501E+02
   0.841394E-04   0.197860E+08   0.197860E+08   0.255068E+08   0.254881E+08   0.197858E+08   0.197860E+08   0.197860E+08   0.197924E+08  -0.473071E+00   0.104463E+08   0.104463E+08   0.410588E+02
   0.929058E-04   0.197857E+08   0.197856E+08   0.253182E+08   0.252956E+08   0.197849E+08   0.197857E+08   0.197857E+08   0.197920E+08  -0.473061E+00   0.104461E+08   0.104461E+08   0.452395E+02
   0.102586E-03   0.197852E+08   0.197852E+08   0.250900E+08   0.250626E+08   0.197838E+08   0.197852E+08   0.197852E+08   0.197916E+08  -0.473048E+00   0.104459E+08   0.104458E+08   0.498225E+02
   0.113274E-03   0.197847E+08   0.197847E+08   0.248143E+08   0.247813E+08   0.197825E+08   0.197847E+08   0.197847E+08   0.197909E+08  -0.473032E+00   0.104456E+08   0.104456E+08   0.548385E+02
   0.125076E-03   0.197841E+08   0.197840E+08   0.244820E+08   0.244421E+08   0.197809E+08   0.197840E+08   0.197841E+08   0.197902E+08  -0.473013E+00   0.104452E+08   0.104452E+08   0.603177E+02
   0.138107E-03   0.197833E+08   0.197832E+08   0.240824E+08   0.240344E+08   0.197789E+08   0.197833E+08   0.197833E+08   0.197893E+08  -0.472990E+00   0.104448E+08   0.104448E+08   0.662884E+02
   0.152496E-03   0.197823E+08   0.197822E+08   0.236034E+08   0.235457E+08   0.197765E+08   0.197823E+08   0.197823E+08   0.197882E+08  -0.472961E+00   0.104443E+08   0.104443E+08   0.727756E+02
   0.168385E-03   0.197812E+08   0.197811E+08   0.230312E+08   0.229622E+08   0.197736E+08   0.197811E+08   0.197812E+08   0.197869E+08  -0.472927E+00   0.104437E+08   0.104436E+08   0.797984E+02
   0.185928E-03   0.197798E+08   0.197796E+08   0.223510E+08   0.222688E+08   0.197700E+08   0.197797E+08   0.197798E+08   0.197854E+08  -0.472886E+00   0.104429E+08   0.104429E+08   0.873669E+02
   0.205300E-03   0.197781E+08   0.197779E+08   0.215468E+08   0.214494E+08   0.197657E+08   0.197780E+08   0.197781E+08   0.197834E+08  -0.472835E+00   0.104420E+08   0.104419E+08   0.954787E+02
   0.226690E-03   0.197760E+08   0.197758E+08   0.206026E+08   0.204880E+08   0.197604E+08   0.197759E+08   0.197760E+08   0.197811E+08  -0.472775E+00   0.104409E+08   0.104408E+08   0.104113E+03
   0.250309E-03   0.197735E+08   0.197733E+08   0.195036E+08   0.193696E+08   0.197540E+08   0.197734E+08   0.197735E+08   0.197783E+08  -0.472701E+00   0.104395E+08   0.104395E+08   0.113225E+03
   0.276388E-03   0.197705E+08   0.197702E+08   0.182376E+08   0.180826E+08   0.197463E+08   0.197703E+08   0.197704E+08   0.197749E+08  -0.472613E+00   0.104379E+08   0.104378E+08   0.122740E+03
   0.305184E-03   0.197668E+08   0.197664E+08   0.167982E+08   0.166210E+08   0.197368E+08   0.197666E+08   0.197667E+08   0.197708E+08  -0.472507E+00   0.104359E+08   0.104358E+08   0.132540E+03
   0.336981E-03   0.197624E+08   0.197619E+08   0.151878E+08   0.149882E+08   0.197254E+08   0.197621E+08   0.197623E+08   0.197659E+08  -0.472381E+00   0.104335E+08   0.104334E+08   0.142461E+03
   0.372091E-03   0.197570E+08   0.197565E+08   0.134223E+08   0.132014E+08   0.197115E+08   0.197567E+08   0.197569E+08   0.197601E+08  -0.472230E+00   0.104306E+08   0.104305E+08   0.152282E+03
   0.410858E-03   0.197506E+08   0.197500E+08   0.115349E+08   0.112961E+08   0.196947E+08   0.197502E+08   0.197505E+08   0.197531E+08  -0.472050E+00   0.104272E+08   0.104270E+08   0.161717E+03
   0.453665E-03   0.197429E+08   0.197421E+08   0.958087E+07   0.933002E+07   0.196745E+08   0.197424E+08   0.197427E+08   0.197448E+08  -0.471837E+00   0.104230E+08   0.104228E+08   0.170418E+03
   0.500932E-03   0.197336E+08   0.197328E+08   0.763881E+07   0.738475E+07   0.196500E+08   0.197331E+08   0.197335E+08   0.197350E+08  -0.471586E+00   0.104180E+08   0.104177E+08   0.177978E+03
   0.553123E-03   0.197226E+08   0.197216E+08   0.580785E+07   0.556237E+07   0.196206E+08   0.197220E+08   0.197224E+08   0.197234E+08  -0.471292E+00   0.104120E+08   0.104117E+08   0.183953E+03
   0.610752E-03   0.197095E+08   0.197083E+08   0.419714E+07   0.397413E+07   0.195852E+08   0.197087E+08   0.197093E+08   0.197098E+08  -0.470948E+00   0.104050E+08   0.104046E+08   0.187897E+03
   0.674386E-03   0.196939E+08   0.196926E+08   0.290554E+07   0.271911E+07   0.195427E+08   0.196930E+08   0.196937E+08   0.196938E+08  -0.470548E+00   0.103966E+08   0.103962E+08   0.189412E+03
   0.744649E-03   0.196756E+08   0.196741E+08   0.199264E+07   0.185409E+07   0.194920E+08   0.196745E+08   0.196754E+08   0.196750E+08  -0.470084E+00   0.103867E+08   0.103863E+08   0.188211E+03
   0.822233E-03   0.196541E+08   0.196524E+08   0.144867E+07   0.136284E+07   0.194315E+08   0.196528E+08   0.196538E+08   0.196532E+08  -0.469547E+00   0.103751E+08   0.103747E+08   0.184183E+03
   0.907901E-03   0.196288E+08   0.196270E+08   0.117990E+07   0.114223E+07   0.193597E+08   0.196273E+08   0.196286E+08   0.196276E+08  -0.468926E+00   0.103616E+08   0.103611E+08   0.177433E+03
   0.100249E-02   0.195994E+08   0.195975E+08   0.103102E+07   0.102742E+07   0.192747E+08   0.195976E+08   0.195991E+08   0.195979E+08  -0.468207E+00   0.103458E+08   0.103453E+08   0.168277E+03
   0.110694E-02   0.195652E+08   0.195631E+08   0.855098E+06   0.866232E+06   0.191744E+08   0.195631E+08   0.195649E+08   0.195633E+08  -0.467375E+00   0.103275E+08   0.103269E+08   0.157190E+03
   0.122227E-02   0.195255E+08   0.195234E+08   0.603327E+06   0.612326E+06   0.190567E+08   0.195231E+08   0.195252E+08   0.195232E+08  -0.466413E+00   0.103063E+08   0.103057E+08   0.144722E+03
   0.134962E-02   0.194796E+08   0.194774E+08   0.357352E+06   0.356438E+06   0.189194E+08   0.194768E+08   0.194793E+08   0.194768E+08  -0.465301E+00   0.102818E+08   0.102813E+08   0.131449E+03
   0.149024E-02   0.194267E+08   0.194245E+08   0.233391E+06   0.223970E+06   0.187609E+08   0.194234E+08   0.194264E+08   0.194234E+08  -0.464022E+00   0.102536E+08   0.102531E+08   0.117985E+03
   0.164550E-02   0.193659E+08   0.193636E+08   0.221742E+06  -0.172429E+06   0.185791E+08   0.193620E+08   0.193655E+08   0.193620E+08  -0.462551E+00   0.102212E+08   0.102207E+08   0.105021E+03
   0.181694E-02   0.192961E+08   0.192939E+08   0.186278E+06  -0.140907E+06   0.183723E+08   0.192916E+08   0.192958E+08   0.192916E+08  -0.460868E+00   0.101841E+08   0.101836E+08   0.932315E+02
   0.200625E-02   0.192164E+08   0.192142E+08   0.902129E+05  -0.115089E+06   0.181392E+08   0.192112E+08   0.192161E+08   0.192112E+08  -0.458945E+00   0.101417E+08   0.101412E+08   0.830575E+02
   0.221528E-02   0.191256E+08   0.191233E+08   0.524548E+05  -0.939464E+05   0.178788E+08   0.191196E+08   0.191253E+08   0.191196E+08  -0.456756E+00   0.100934E+08   0.100929E+08   0.745607E+02
   0.244608E-02   0.190225E+08   0.190201E+08   0.596011E+05  -0.766386E+05   0.175907E+08   0.190157E+08   0.190221E+08   0.190157E+08  -0.454271E+00   0.100386E+08   0.100381E+08   0.675079E+02
   0.270094E-02   0.189059E+08   0.189033E+08   0.241674E+05  -0.624737E+05   0.172750E+08   0.188982E+08   0.189055E+08   0.188982E+08  -0.451462E+00   0.997662E+07   0.997612E+07   0.614518E+02
   0.298234E-02   0.187745E+08   0.187717E+08   0.245749E+05  -0.508858E+05   0.169313E+08   0.187658E+08   0.187741E+08   0.187658E+08  -0.448299E+00   0.990683E+07   0.990633E+07   0.558556E+02
   0.329307E-02   0.186270E+08   0.186240E+08   0.104495E+05  -0.414102E+05   0.165593E+08   0.186172E+08   0.186265E+08   0.186172E+08  -0.444750E+00   0.982854E+07   0.982805E+07   0.504435E+02
   0.363617E-02   0.184621E+08   0.184589E+08   0.448932E+04  -0.336658E+05   0.161583E+08   0.184512E+08   0.184616E+08   0.184512E+08  -0.440784E+00   0.974106E+07   0.974057E+07   0.452990E+02
   0.401502E-02   0.182786E+08   0.182750E+08  -0.303097E+04  -0.273401E+05   0.157270E+08   0.182665E+08   0.182780E+08   0.182665E+08  -0.436370E+00   0.964370E+07   0.964321E+07   0.407156E+02
   0.443334E-02   0.180750E+08   0.180711E+08   0.224982E+03  -0.221767E+05   0.152641E+08   0.180617E+08   0.180743E+08   0.180617E+08  -0.431477E+00   0.953575E+07   0.953526E+07   0.368005E+02
   0.489524E-02   0.178500E+08   0.178457E+08  -0.205725E+04  -0.179650E+05   0.147702E+08   0.178354E+08   0.178493E+08   0.178354E+08  -0.426072E+00   0.941652E+07   0.941603E+07   0.333151E+02
   0.540527E-02   0.176024E+08   0.175976E+08  -0.267683E+04  -0.145324E+05   0.142453E+08   0.175865E+08   0.176016E+08   0.175865E+08  -0.420125E+00   0.928531E+07   0.928482E+07   0.300374E+02
   0.596844E-02   0.173308E+08   0.173254E+08  -0.189491E+04  -0.117373E+05   0.136889E+08   0.173135E+08   0.173299E+08   0.173135E+08  -0.413603E+00   0.914142E+07   0.914094E+07   0.270811E+02
   0.659028E-02   0.170342E+08   0.170280E+08  -0.238405E+04  -0.946389E+04   0.130697E+08   0.170154E+08   0.170332E+08   0.170154E+08  -0.406480E+00   0.898428E+07   0.898380E+07   0.245206E+02
   0.727692E-02   0.167104E+08   0.167034E+08  -0.207526E+04  -0.761620E+04   0.124365E+08   0.166900E+08   0.167093E+08   0.166900E+08  -0.398708E+00   0.881279E+07   0.881231E+07   0.221856E+02
   0.803509E-02   0.163582E+08   0.163501E+08  -0.203212E+04  -0.611640E+04   0.117766E+08   0.163362E+08   0.163569E+08   0.163362E+08  -0.390257E+00   0.862630E+07   0.862581E+07   0.200967E+02
   0.887226E-02   0.159766E+08   0.159673E+08  -0.239052E+04  -0.490076E+04   0.110990E+08   0.159532E+08   0.159752E+08   0.159532E+08  -0.381106E+00   0.842435E+07   0.842387E+07   0.182537E+02
   0.979664E-02   0.155645E+08   0.155537E+08  -0.122269E+04  -0.391687E+04   0.104049E+08   0.155396E+08   0.155628E+08   0.155396E+08  -0.371225E+00   0.820626E+07   0.820578E+07   0.165952E+02
   0.108173E-01   0.151203E+08   0.151079E+08  -0.160783E+04  -0.312176E+04   0.969353E+07   0.150939E+08   0.151184E+08   0.150939E+08  -0.360579E+00   0.797128E+07   0.797079E+07   0.151460E+02
   0.119444E-01   0.146429E+08   0.146284E+08  -0.134874E+04  -0.248030E+04   0.897067E+07   0.146151E+08   0.146406E+08   0.146151E+08  -0.349140E+00   0.771875E+07   0.771825E+07   0.138435E+02
   0.131889E-01   0.141312E+08   0.141144E+08  -0.968365E+03  -0.196382E+04   0.824406E+07   0.141020E+08   0.141285E+08   0.141020E+08  -0.336883E+00   0.744813E+07   0.744763E+07   0.127004E+02
   0.145630E-01   0.135842E+08   0.135647E+08  -0.959848E+03  -0.154884E+04   0.752031E+07   0.135538E+08   0.135811E+08   0.135538E+08  -0.323786E+00   0.715894E+07   0.715843E+07   0.116833E+02
   0.160803E-01   0.130014E+08   0.129789E+08  -0.875799E+03  -0.121624E+04   0.680191E+07   0.129699E+08   0.129978E+08   0.129699E+08  -0.309838E+00   0.685091E+07   0.685039E+07   0.107788E+02
   0.177557E-01   0.123828E+08   0.123571E+08  -0.533653E+03  -0.950408E+03   0.609829E+07   0.123505E+08   0.123788E+08   0.123505E+08  -0.295040E+00   0.652408E+07   0.652355E+07   0.996255E+01
   0.196056E-01   0.117297E+08   0.117003E+08  -0.508815E+03  -0.738647E+03   0.541503E+07   0.116966E+08   0.117251E+08   0.116966E+08  -0.279420E+00   0.617903E+07   0.617849E+07   0.921778E+01
   0.216483E-01   0.110443E+08   0.110113E+08  -0.356485E+03  -0.570627E+03   0.475919E+07   0.110108E+08   0.110391E+08   0.110108E+08  -0.263038E+00   0.581708E+07   0.581653E+07   0.852348E+01
   0.239038E-01   0.103314E+08   0.102946E+08  -0.296148E+03  -0.437955E+03   0.413758E+07   0.102977E+08   0.103256E+08   0.102977E+08  -0.246001E+00   0.544064E+07   0.544008E+07   0.785520E+01
   0.263943E-01   0.959793E+07   0.955760E+07  -0.233971E+03  -0.333815E+03   0.355709E+07   0.956439E+07   0.959159E+07   0.956439E+07  -0.228483E+00   0.505351E+07   0.505294E+07   0.719411E+01
   0.291443E-01   0.885450E+07   0.881120E+07  -0.148193E+03  -0.252665E+03   0.302340E+07   0.882144E+07   0.884770E+07   0.882144E+07  -0.210735E+00   0.466123E+07   0.466066E+07   0.651923E+01
   0.321808E-01   0.811518E+07   0.806986E+07  -0.159922E+03  -0.189989E+03   0.254177E+07   0.808298E+07   0.810806E+07   0.808298E+07  -0.193094E+00   0.427127E+07   0.427071E+07   0.581486E+01
   0.355337E-01   0.739745E+07   0.735147E+07  -0.950814E+02  -0.142090E+03   0.211601E+07   0.736646E+07   0.739023E+07   0.736646E+07  -0.175977E+00   0.389286E+07   0.389232E+07   0.507241E+01
   0.392359E-01   0.672083E+07   0.667599E+07  -0.697586E+02  -0.105916E+03   0.174806E+07   0.669141E+07   0.671379E+07   0.669141E+07  -0.159851E+00   0.353631E+07   0.353581E+07   0.429435E+01
   0.433238E-01   0.610412E+07   0.606246E+07  -0.773148E+02  -0.789274E+02   0.143738E+07   0.607657E+07   0.609758E+07   0.607657E+07  -0.145163E+00   0.321154E+07   0.321109E+07   0.349789E+01
   0.476562E-01   0.557877E+07   0.554207E+07  -0.584781E+02  -0.596379E+02   0.118908E+07   0.555325E+07   0.557301E+07   0.555325E+07  -0.132661E+00   0.293509E+07   0.293470E+07   0.274646E+01
   0.519886E-01   0.516489E+07   0.513396E+07  -0.455100E+02  -0.464123E+02   0.100174E+07   0.514129E+07   0.516004E+07   0.514129E+07  -0.122820E+00   0.271747E+07   0.271714E+07   0.211101E+01
   0.563210E-01   0.482835E+07   0.480318E+07  -0.362646E+02  -0.369834E+02   0.856190E+06   0.480651E+07   0.482440E+07   0.480651E+07  -0.114823E+00   0.254060E+07   0.254033E+07   0.160297E+01
   0.606533E-01   0.454307E+07   0.452295E+07  -0.294317E+02  -0.300149E+02   0.739685E+06   0.452278E+07   0.453991E+07   0.452278E+07  -0.108044E+00   0.239070E+07   0.239047E+07   0.122340E+01
   0.649857E-01   0.428946E+07   0.427318E+07  -0.242143E+02  -0.246940E+02   0.643712E+06   0.427048E+07   0.428690E+07   0.427048E+07  -0.102017E+00   0.225739E+07   0.225721E+07   0.962656E+00
   0.693181E-01   0.405130E+07   0.403746E+07  -0.201054E+02  -0.205037E+02   0.562328E+06   0.403341E+07   0.404913E+07   0.403341E+07  -0.963540E-01   0.213213E+07   0.213196E+07   0.802139E+00
   0.736505E-01   0.381658E+07   0.380377E+07  -0.167809E+02  -0.171132E+02   0.491535E+06   0.379959E+07   0.381457E+07   0.379959E+07  -0.907682E-01   0.200857E+07   0.200842E+07   0.717725E+00
   0.779829E-01   0.358159E+07   0.356869E+07  -0.140483E+02  -0.143265E+02   0.429251E+06   0.356536E+07   0.357956E+07   0.356536E+07  -0.851727E-01   0.188479E+07   0.188463E+07   0.683824E+00
   0.823153E-01   0.334935E+07   0.333560E+07  -0.117918E+02  -0.120252E+02   0.374560E+06   0.333379E+07   0.334719E+07   0.333379E+07  -0.796407E-01   0.176241E+07   0.176224E+07   0.676566E+00
   0.866476E-01   0.312623E+07   0.311133E+07  -0.993359E+01  -0.101302E+02   0.327037E+06   0.311128E+07   0.312389E+07   0.311128E+07  -0.743252E-01   0.164481E+07   0.164463E+07   0.676192E+00
   0.909800E-01   0.291842E+07   0.290248E+07  -0.841136E+01  -0.857782E+01   0.286259E+06   0.290407E+07   0.291592E+07   0.290407E+07  -0.693751E-01   0.153529E+07   0.153511E+07   0.668528E+00
   0.963688E-01   0.268854E+07   0.267192E+07  -0.690669E+01  -0.704334E+01   0.244154E+06   0.267493E+07   0.268593E+07   0.267493E+07  -0.639012E-01   0.141418E+07   0.141399E+07   0.637261E+00
   0.101758E+00   0.249615E+07   0.247982E+07  -0.575165E+01  -0.586543E+01   0.210536E+06   0.248330E+07   0.249359E+07   0.248330E+07  -0.593233E-01   0.131289E+07   0.131271E+07   0.579489E+00
   0.107146E+00   0.234275E+07   0.232766E+07  -0.486941E+01  -0.496573E+01   0.184061E+06   0.233066E+07   0.234038E+07   0.233066E+07  -0.556770E-01   0.123221E+07   0.123204E+07   0.502150E+00
   0.112535E+00   0.222302E+07   0.220984E+07  -0.418929E+01  -0.427215E+01   0.163127E+06   0.221167E+07   0.222095E+07   0.221167E+07  -0.528345E-01   0.116931E+07   0.116917E+07   0.417432E+00
   0.117924E+00   0.212626E+07   0.211523E+07  -0.364977E+01  -0.372196E+01   0.146091E+06   0.211561E+07   0.212453E+07   0.211561E+07  -0.505397E-01   0.111853E+07   0.111841E+07   0.338049E+00
   0.123313E+00   0.204065E+07   0.203156E+07  -0.320393E+01  -0.326729E+01   0.131577E+06   0.203063E+07   0.203923E+07   0.203063E+07  -0.485095E-01   0.107361E+07   0.107351E+07   0.273726E+00
   0.128701E+00   0.195675E+07   0.194906E+07  -0.282071E+01  -0.287650E+01   0.118646E+06   0.194727E+07   0.195554E+07   0.194727E+07  -0.465181E-01   0.102954E+07   0.102945E+07   0.229331E+00
   0.134090E+00   0.186915E+07   0.186217E+07  -0.248245E+01  -0.253153E+01   0.106782E+06   0.186011E+07   0.186805E+07   0.186011E+07  -0.444362E-01   0.983473E+06   0.983390E+06   0.204634E+00
   0.139479E+00   0.177664E+07   0.176975E+07  -0.218087E+01  -0.222400E+01   0.957998E+05   0.176799E+07   0.177556E+07   0.176799E+07  -0.422353E-01   0.934771E+06   0.934689E+06   0.195386E+00
   0.144868E+00   0.168123E+07   0.167399E+07  -0.191308E+01  -0.195090E+01   0.857106E+05   0.167290E+07   0.168009E+07   0.167290E+07  -0.399639E-01   0.884507E+06   0.884422E+06   0.195152E+00
   0.150256E+00   0.158671E+07   0.157895E+07  -0.167830E+01  -0.171148E+01   0.766016E+05   0.157869E+07   0.158549E+07   0.157869E+07  -0.377133E-01   0.834702E+06   0.834613E+06   0.197288E+00
   0.155645E+00   0.149775E+07   0.148955E+07  -0.147636E+01  -0.150555E+01   0.685765E+05   0.149003E+07   0.149646E+07   0.149003E+07  -0.355951E-01   0.787826E+06   0.787735E+06   0.196572E+00
   0.161034E+00   0.141880E+07   0.141044E+07  -0.130650E+01  -0.133232E+01   0.617004E+05   0.141138E+07   0.141749E+07   0.141138E+07  -0.337164E-01   0.746248E+06   0.746156E+06   0.190116E+00
   0.166423E+00   0.135245E+07   0.134428E+07  -0.116607E+01  -0.118912E+01   0.559404E+05   0.134533E+07   0.135117E+07   0.134533E+07  -0.321385E-01   0.711330E+06   0.711241E+06   0.177485E+00
   0.171811E+00   0.129826E+07   0.129062E+07  -0.105030E+01  -0.107106E+01   0.511426E+05   0.129145E+07   0.129706E+07   0.129145E+07  -0.308513E-01   0.682843E+06   0.682760E+06   0.160197E+00
   0.177200E+00   0.125350E+07   0.124660E+07  -0.953423E+00  -0.972267E+00   0.470873E+05   0.124698E+07   0.125242E+07   0.124698E+07  -0.297891E-01   0.659335E+06   0.659260E+06   0.140885E+00
   0.182589E+00   0.121472E+07   0.120862E+07  -0.870277E+00  -0.887478E+00   0.435637E+05   0.120849E+07   0.121376E+07   0.120849E+07  -0.288695E-01   0.638981E+06   0.638914E+06   0.122392E+00
   0.187978E+00   0.117860E+07   0.117320E+07  -0.796751E+00  -0.812498E+00   0.403978E+05   0.117262E+07   0.117775E+07   0.117262E+07  -0.280128E-01   0.620022E+06   0.619961E+06   0.106989E+00
   0.193367E+00   0.114222E+07   0.113734E+07  -0.729772E+00  -0.744195E+00   0.374567E+05   0.113648E+07   0.114145E+07   0.113648E+07  -0.271493E-01   0.600911E+06   0.600855E+06   0.959006E-01
   0.198755E+00   0.110368E+07   0.109907E+07  -0.667457E+00  -0.680648E+00   0.346599E+05   0.109814E+07   0.110296E+07   0.109814E+07  -0.262334E-01   0.580642E+06   0.580589E+06   0.891973E-01
   0.204144E+00   0.106271E+07   0.105815E+07  -0.609203E+00  -0.621243E+00   0.319890E+05   0.105735E+07   0.106199E+07   0.105735E+07  -0.252589E-01   0.559075E+06   0.559022E+06   0.860094E-01
   0.209533E+00   0.102045E+07   0.101580E+07  -0.555273E+00  -0.566246E+00   0.294691E+05   0.101526E+07   0.101972E+07   0.101526E+07  -0.242535E-01   0.536822E+06   0.536768E+06   0.849229E-01
   0.214922E+00   0.978691E+06   0.973880E+06  -0.506166E+00  -0.516169E+00   0.271379E+05   0.973650E+06   0.977936E+06   0.973650E+06  -0.232595E-01   0.514823E+06   0.514769E+06   0.844189E-01
   0.220310E+00   0.939173E+06   0.934243E+06  -0.462246E+00  -0.471381E+00   0.250262E+05   0.934282E+06   0.938399E+06   0.934282E+06  -0.223190E-01   0.494009E+06   0.493954E+06   0.832529E-01
   0.225699E+00   0.903302E+06   0.898351E+06  -0.423610E+00  -0.431980E+00   0.231502E+05   0.898561E+06   0.902524E+06   0.898561E+06  -0.214657E-01   0.475122E+06   0.475068E+06   0.806944E-01
   0.231088E+00   0.871831E+06   0.866986E+06  -0.390009E+00  -0.397715E+00   0.215063E+05   0.867241E+06   0.871070E+06   0.867241E+06  -0.207175E-01   0.458563E+06   0.458510E+06   0.765919E-01
   0.236477E+00   0.844686E+06   0.840063E+06  -0.360851E+00  -0.367981E+00   0.200711E+05   0.840247E+06   0.843960E+06   0.840247E+06  -0.200726E-01   0.444290E+06   0.444240E+06   0.712833E-01
   0.241865E+00   0.821102E+06   0.816776E+06  -0.335333E+00  -0.341959E+00   0.188074E+05   0.816809E+06   0.820422E+06   0.816809E+06  -0.195127E-01   0.431898E+06   0.431851E+06   0.654074E-01
   0.247254E+00   0.799917E+06   0.795912E+06  -0.312613E+00  -0.318790E+00   0.176738E+05   0.795765E+06   0.799288E+06   0.795765E+06  -0.190100E-01   0.420771E+06   0.420727E+06   0.596804E-01
   0.252643E+00   0.779843E+06   0.776129E+06  -0.291919E+00  -0.297687E+00   0.166313E+05   0.775822E+06   0.779260E+06   0.775822E+06  -0.185336E-01   0.410227E+06   0.410185E+06   0.546981E-01
   0.258032E+00   0.759746E+06   0.756256E+06  -0.272652E+00  -0.278039E+00   0.156491E+05   0.755847E+06   0.759198E+06   0.755847E+06  -0.180564E-01   0.399665E+06   0.399626E+06   0.508092E-01
   0.263420E+00   0.738980E+06   0.735628E+06  -0.254465E+00  -0.259493E+00   0.147099E+05   0.735191E+06   0.738453E+06   0.735191E+06  -0.175629E-01   0.388744E+06   0.388706E+06   0.480775E-01
   0.268809E+00   0.717512E+06   0.714221E+06  -0.237268E+00  -0.241956E+00   0.138105E+05   0.713825E+06   0.716995E+06   0.713825E+06  -0.170525E-01   0.377447E+06   0.377410E+06   0.463198E-01
   0.274198E+00   0.695743E+06   0.692457E+06  -0.221114E+00  -0.225483E+00   0.129560E+05   0.692152E+06   0.695227E+06   0.692152E+06  -0.165348E-01   0.365987E+06   0.365950E+06   0.451936E-01
   0.279587E+00   0.674230E+06   0.670925E+06  -0.206094E+00  -0.210166E+00   0.121536E+05   0.670729E+06   0.673711E+06   0.670729E+06  -0.160230E-01   0.354660E+06   0.354623E+06   0.443056E-01
   0.284976E+00   0.653547E+06   0.650230E+06  -0.192286E+00  -0.196085E+00   0.114097E+05   0.650134E+06   0.653026E+06   0.650134E+06  -0.155310E-01   0.343771E+06   0.343734E+06   0.433158E-01
   0.290364E+00   0.634225E+06   0.630928E+06  -0.179738E+00  -0.183289E+00   0.107292E+05   0.630899E+06   0.633707E+06   0.630899E+06  -0.150715E-01   0.333601E+06   0.333564E+06   0.420078E-01
   0.295753E+00   0.616617E+06   0.613380E+06  -0.168439E+00  -0.171766E+00   0.101131E+05   0.613377E+06   0.616108E+06   0.613377E+06  -0.146529E-01   0.324336E+06   0.324300E+06   0.403144E-01
   0.301142E+00   0.600751E+06   0.597616E+06  -0.158286E+00  -0.161413E+00   0.955703E+04   0.597596E+06   0.600259E+06   0.597596E+06  -0.142759E-01   0.315992E+06   0.315957E+06   0.383014E-01
   0.306531E+00   0.586346E+06   0.583342E+06  -0.149110E+00  -0.152056E+00   0.905198E+04   0.583275E+06   0.585874E+06   0.583275E+06  -0.139338E-01   0.308419E+06   0.308386E+06   0.361225E-01
   0.311919E+00   0.572967E+06   0.570102E+06  -0.140720E+00  -0.143500E+00   0.858771E+04   0.569975E+06   0.572517E+06   0.569975E+06  -0.136161E-01   0.301387E+06   0.301355E+06   0.339650E-01
   0.317308E+00   0.560180E+06   0.557447E+06  -0.132950E+00  -0.135576E+00   0.815496E+04   0.557265E+06   0.559751E+06   0.557265E+06  -0.133125E-01   0.294667E+06   0.294636E+06   0.319970E-01
   0.322697E+00   0.547631E+06   0.545009E+06  -0.125669E+00  -0.128152E+00   0.774655E+04   0.544788E+06   0.547219E+06   0.544788E+06  -0.130144E-01   0.288069E+06   0.288040E+06   0.303286E-01
   0.328086E+00   0.535071E+06   0.532531E+06  -0.118788E+00  -0.121135E+00   0.735755E+04   0.532296E+06   0.534672E+06   0.532296E+06  -0.127160E-01   0.281464E+06   0.281436E+06   0.289950E-01
   0.333474E+00   0.522399E+06   0.519912E+06  -0.112258E+00  -0.114475E+00   0.698541E+04   0.519687E+06   0.522009E+06   0.519687E+06  -0.124148E-01   0.274797E+06   0.274769E+06   0.279604E-01
   0.338863E+00   0.509686E+06   0.507229E+06  -0.106070E+00  -0.108165E+00   0.663018E+04   0.507034E+06   0.509300E+06   0.507034E+06  -0.121125E-01   0.268107E+06   0.268079E+06   0.271403E-01
   0.344252E+00   0.497134E+06   0.494698E+06  -0.100244E+00  -0.102224E+00   0.629349E+04   0.494541E+06   0.496752E+06   0.494541E+06  -0.118141E-01   0.261501E+06   0.261474E+06   0.264302E-01
   0.349641E+00   0.484986E+06   0.482569E+06  -0.948027E-01  -0.966755E-01   0.597721E+04   0.482449E+06   0.484606E+06   0.482449E+06  -0.115252E-01   0.255107E+06   0.255080E+06   0.257329E-01
   0.355029E+00   0.473424E+06   0.471035E+06  -0.897546E-01  -0.915276E-01   0.568235E+04   0.470942E+06   0.473049E+06   0.470942E+06  -0.112503E-01   0.249023E+06   0.248997E+06   0.249789E-01
   0.360418E+00   0.462544E+06   0.460194E+06  -0.850894E-01  -0.867702E-01   0.540866E+04   0.460116E+06   0.462175E+06   0.460116E+06  -0.109917E-01   0.243299E+06   0.243273E+06   0.241374E-01
   0.365807E+00   0.452358E+06   0.450063E+06  -0.807825E-01  -0.823783E-01   0.515498E+04   0.449984E+06   0.451998E+06   0.449984E+06  -0.107496E-01   0.237941E+06   0.237916E+06   0.232153E-01
   0.371196E+00   0.442816E+06   0.440585E+06  -0.767999E-01  -0.783170E-01   0.491949E+04   0.440494E+06   0.442466E+06   0.440494E+06  -0.105229E-01   0.232923E+06   0.232899E+06   0.222482E-01
   0.376585E+00   0.433805E+06   0.431642E+06  -0.731002E-01  -0.745442E-01   0.469983E+04   0.431533E+06   0.433465E+06   0.431533E+06  -0.103089E-01   0.228185E+06   0.228161E+06   0.212857E-01
   0.381973E+00   0.425169E+06   0.423073E+06  -0.696385E-01  -0.710141E-01   0.449341E+04   0.422945E+06   0.424840E+06   0.422945E+06  -0.101037E-01   0.223644E+06   0.223621E+06   0.203757E-01
   0.387362E+00   0.416753E+06   0.414717E+06  -0.663748E-01  -0.676859E-01   0.429783E+04   0.414575E+06   0.416433E+06   0.414575E+06  -0.990377E-02   0.219219E+06   0.219196E+06   0.195530E-01
   0.392751E+00   0.408449E+06   0.406464E+06  -0.632800E-01  -0.645300E-01   0.411144E+04   0.406316E+06   0.408137E+06   0.406316E+06  -0.970647E-02   0.214851E+06   0.214829E+06   0.188333E-01
   0.398140E+00   0.400218E+06   0.398274E+06  -0.603380E-01  -0.615299E-01   0.393333E+04   0.398128E+06   0.399913E+06   0.398128E+06  -0.951087E-02   0.210522E+06   0.210500E+06   0.182126E-01
   0.403528E+00   0.392077E+06   0.390165E+06  -0.575426E-01  -0.586793E-01   0.376325E+04   0.390028E+06   0.391777E+06   0.390028E+06  -0.931736E-02   0.206239E+06   0.206218E+06   0.176716E-01
   0.408917E+00   0.384075E+06   0.382189E+06  -0.548923E-01  -0.559766E-01   0.360127E+04   0.382065E+06   0.383779E+06   0.382065E+06  -0.912714E-02   0.202029E+06   0.202007E+06   0.171822E-01
   0.414306E+00   0.376271E+06   0.374410E+06  -0.523871E-01  -0.534219E-01   0.344748E+04   0.374300E+06   0.375979E+06   0.374300E+06  -0.894163E-02   0.197922E+06   0.197902E+06   0.167157E-01
   0.419695E+00   0.368724E+06   0.366889E+06  -0.500266E-01  -0.510148E-01   0.330203E+04   0.366790E+06   0.368436E+06   0.366790E+06  -0.876224E-02   0.193952E+06   0.193931E+06   0.162492E-01
   0.425083E+00   0.361483E+06   0.359677E+06  -0.478087E-01  -0.487530E-01   0.316487E+04   0.359586E+06   0.361200E+06   0.359586E+06  -0.859013E-02   0.190142E+06   0.190122E+06   0.157701E-01
   0.430472E+00   0.354573E+06   0.352800E+06  -0.457281E-01  -0.466313E-01   0.303579E+04   0.352711E+06   0.354294E+06   0.352711E+06  -0.842589E-02   0.186507E+06   0.186487E+06   0.152763E-01
   0.435861E+00   0.347978E+06   0.346241E+06  -0.437749E-01  -0.446396E-01   0.291424E+04   0.346151E+06   0.347705E+06   0.346151E+06  -0.826918E-02   0.183038E+06   0.183019E+06   0.147746E-01
   0.441250E+00   0.341652E+06   0.339954E+06  -0.419361E-01  -0.427644E-01   0.279942E+04   0.339859E+06   0.341385E+06   0.339859E+06  -0.811888E-02   0.179711E+06   0.179692E+06   0.142768E-01
   0.446638E+00   0.335541E+06   0.333882E+06  -0.401985E-01  -0.409925E-01   0.269057E+04   0.333782E+06   0.335281E+06   0.333782E+06  -0.797369E-02   0.176498E+06   0.176479E+06   0.137963E-01
   0.452027E+00   0.329603E+06   0.327980E+06  -0.385514E-01  -0.393129E-01   0.258702E+04   0.327875E+06   0.329348E+06   0.327875E+06  -0.783260E-02   0.173375E+06   0.173357E+06   0.133441E-01
   0.457416E+00   0.323802E+06   0.322213E+06  -0.369861E-01  -0.377166E-01   0.248827E+04   0.322106E+06   0.323553E+06   0.322106E+06  -0.769476E-02   0.170324E+06   0.170306E+06   0.129268E-01
   0.462805E+00   0.318109E+06   0.316549E+06  -0.354947E-01  -0.361958E-01   0.239385E+04   0.316442E+06   0.317864E+06   0.316442E+06  -0.755947E-02   0.167329E+06   0.167312E+06   0.125449E-01
   0.468194E+00   0.312507E+06   0.310973E+06  -0.340716E-01  -0.347446E-01   0.230344E+04   0.310869E+06   0.312266E+06   0.310869E+06  -0.742633E-02   0.164382E+06   0.164365E+06   0.121945E-01
   0.473582E+00   0.307005E+06   0.305494E+06  -0.327144E-01  -0.333606E-01   0.221692E+04   0.305395E+06   0.306768E+06   0.305395E+06  -0.729557E-02   0.161488E+06   0.161471E+06   0.118682E-01
   0.478971E+00   0.301629E+06   0.300140E+06  -0.314224E-01  -0.320431E-01   0.213429E+04   0.300046E+06   0.301395E+06   0.300046E+06  -0.716779E-02   0.158659E+06   0.158643E+06   0.115579E-01
   0.484360E+00   0.296402E+06   0.294935E+06  -0.301946E-01  -0.307910E-01   0.205554E+04   0.294846E+06   0.296171E+06   0.294846E+06  -0.704355E-02   0.155909E+06   0.155893E+06   0.112564E-01
   0.489749E+00   0.291333E+06   0.289889E+06  -0.290289E-01  -0.296022E-01   0.198055E+04   0.289803E+06   0.291106E+06   0.289803E+06  -0.692309E-02   0.153243E+06   0.153227E+06   0.109585E-01
   0.495137E+00   0.286426E+06   0.285005E+06  -0.279221E-01  -0.284737E-01   0.190917E+04   0.284922E+06   0.286203E+06   0.284922E+06  -0.680648E-02   0.150662E+06   0.150646E+06   0.106619E-01
   0.500526E+00   0.281680E+06   0.280282E+06  -0.268714E-01  -0.274022E-01   0.184122E+04   0.280200E+06   0.281460E+06   0.280200E+06  -0.669369E-02   0.148165E+06   0.148150E+06   0.103672E-01
   0.505915E+00   0.277088E+06   0.275715E+06  -0.258734E-01  -0.263844E-01   0.177651E+04   0.275633E+06   0.276873E+06   0.275633E+06  -0.658458E-02   0.145750E+06   0.145735E+06   0.100771E-01
   0.511304E+00   0.272637E+06   0.271289E+06  -0.249241E-01  -0.254163E-01   0.171480E+04   0.271205E+06   0.272425E+06   0.271205E+06  -0.647881E-02   0.143409E+06   0.143394E+06   0.979503E-02
   0.516692E+00   0.268305E+06   0.266980E+06  -0.240191E-01  -0.244935E-01   0.165583E+04   0.266896E+06   0.268097E+06   0.266896E+06  -0.637586E-02   0.141130E+06   0.141116E+06   0.952404E-02
   0.522081E+00   0.264071E+06   0.262770E+06  -0.231547E-01  -0.236121E-01   0.159934E+04   0.262685E+06   0.263867E+06   0.262685E+06  -0.627526E-02   0.138904E+06   0.138889E+06   0.926633E-02
   0.527470E+00   0.259925E+06   0.258645E+06  -0.223280E-01  -0.227690E-01   0.154518E+04   0.258561E+06   0.259724E+06   0.258561E+06  -0.617674E-02   0.136723E+06   0.136709E+06   0.902272E-02
   0.532859E+00   0.255864E+06   0.254604E+06  -0.215368E-01  -0.219622E-01   0.149321E+04   0.254521E+06   0.255666E+06   0.254521E+06  -0.608023E-02   0.134587E+06   0.134573E+06   0.879264E-02
   0.538247E+00   0.251888E+06   0.250646E+06  -0.207797E-01  -0.211902E-01   0.144335E+04   0.250565E+06   0.251693E+06   0.250565E+06  -0.598573E-02   0.132495E+06   0.132481E+06   0.857437E-02
   0.543636E+00   0.247995E+06   0.246772E+06  -0.200551E-01  -0.204512E-01   0.139551E+04   0.246693E+06   0.247803E+06   0.246693E+06  -0.589323E-02   0.130447E+06   0.130434E+06   0.836556E-02
   0.549025E+00   0.244190E+06   0.242984E+06  -0.193616E-01  -0.197441E-01   0.134963E+04   0.242907E+06   0.244000E+06   0.242907E+06  -0.580279E-02   0.128446E+06   0.128432E+06   0.816382E-02
   0.554414E+00   0.240477E+06   0.239288E+06  -0.186984E-01  -0.190677E-01   0.130564E+04   0.239213E+06   0.240290E+06   0.239213E+06  -0.571454E-02   0.126492E+06   0.126479E+06   0.796731E-02
   0.559803E+00   0.236861E+06   0.235689E+06  -0.180644E-01  -0.184212E-01   0.126350E+04   0.235616E+06   0.236677E+06   0.235616E+06  -0.562862E-02   0.124590E+06   0.124577E+06   0.777493E-02
   0.565191E+00   0.233343E+06   0.232189E+06  -0.174584E-01  -0.178032E-01   0.122313E+04   0.232116E+06   0.233162E+06   0.232116E+06  -0.554502E-02   0.122740E+06   0.122727E+06   0.758634E-02
   0.570580E+00   0.229917E+06   0.228780E+06  -0.168787E-01  -0.172121E-01   0.118444E+04   0.228708E+06   0.229738E+06   0.228708E+06  -0.546359E-02   0.120938E+06   0.120925E+06   0.740176E-02
   0.575969E+00   0.226574E+06   0.225455E+06  -0.163236E-01  -0.166460E-01   0.114730E+04   0.225383E+06   0.226399E+06   0.225383E+06  -0.538417E-02   0.119180E+06   0.119167E+06   0.722186E-02
   0.581358E+00   0.223312E+06   0.222209E+06  -0.157917E-01  -0.161036E-01   0.111165E+04   0.222138E+06   0.223138E+06   0.222138E+06  -0.530663E-02   0.117463E+06   0.117451E+06   0.704749E-02
   0.586746E+00   0.220124E+06   0.219038E+06  -0.152817E-01  -0.155835E-01   0.107740E+04   0.218967E+06   0.219954E+06   0.218967E+06  -0.523090E-02   0.115787E+06   0.115775E+06   0.687935E-02
   0.592135E+00   0.217007E+06   0.215936E+06  -0.147924E-01  -0.150845E-01   0.104447E+04   0.215866E+06   0.216839E+06   0.215866E+06  -0.515682E-02   0.114147E+06   0.114135E+06   0.671777E-02
   0.597524E+00   0.213953E+06   0.212898E+06  -0.143223E-01  -0.146052E-01   0.101277E+04   0.212828E+06   0.213787E+06   0.212828E+06  -0.508424E-02   0.112541E+06   0.112529E+06   0.656265E-02
   0.602913E+00   0.210958E+06   0.209917E+06  -0.138706E-01  -0.141445E-01   0.982244E+03   0.209849E+06   0.210795E+06   0.209849E+06  -0.501307E-02   0.110965E+06   0.110954E+06   0.641357E-02
   0.608301E+00   0.208024E+06   0.206997E+06  -0.134364E-01  -0.137018E-01   0.952849E+03   0.206930E+06   0.207862E+06   0.206930E+06  -0.494333E-02   0.109422E+06   0.109410E+06   0.626992E-02
   0.613690E+00   0.205152E+06   0.204140E+06  -0.130192E-01  -0.132764E-01   0.924553E+03   0.204073E+06   0.204993E+06   0.204073E+06  -0.487510E-02   0.107911E+06   0.107900E+06   0.613102E-02
   0.619079E+00   0.202344E+06   0.201345E+06  -0.126185E-01  -0.128677E-01   0.897320E+03   0.201279E+06   0.202187E+06   0.201279E+06  -0.480836E-02   0.106434E+06   0.106423E+06   0.599618E-02
   0.624468E+00   0.199596E+06   0.198610E+06  -0.122332E-01  -0.124748E-01   0.871092E+03   0.198546E+06   0.199441E+06   0.198546E+06  -0.474305E-02   0.104988E+06   0.104977E+06   0.586487E-02
   0.629856E+00   0.196907E+06   0.195934E+06  -0.118628E-01  -0.120971E-01   0.845835E+03   0.195871E+06   0.196754E+06   0.195871E+06  -0.467916E-02   0.103574E+06   0.103563E+06   0.573675E-02
   0.681274E+00   0.173944E+06   0.173086E+06  -0.895741E-02  -0.913432E-02   0.646057E+03   0.173029E+06   0.173809E+06   0.173029E+06  -0.413348E-02   0.914956E+05   0.914860E+05   0.468109E-02
   0.736889E+00   0.153525E+06   0.152767E+06  -0.675763E-02  -0.689109E-02   0.492552E+03   0.152716E+06   0.153406E+06   0.152716E+06  -0.364823E-02   0.807546E+05   0.807462E+05   0.381849E-02
   0.797043E+00   0.135398E+06   0.134729E+06  -0.509415E-02  -0.519476E-02   0.374888E+03   0.134685E+06   0.135293E+06   0.134685E+06  -0.321747E-02   0.712197E+05   0.712123E+05   0.311279E-02
   0.862109E+00   0.119322E+06   0.118734E+06  -0.383730E-02  -0.391309E-02   0.284876E+03   0.118694E+06   0.119230E+06   0.118694E+06  -0.283547E-02   0.627641E+05   0.627575E+05   0.253549E-02
   0.932485E+00   0.105080E+06   0.104561E+06  -0.288845E-02  -0.294550E-02   0.216146E+03   0.104526E+06   0.104998E+06   0.104526E+06  -0.249701E-02   0.552723E+05   0.552665E+05   0.206372E-02
   0.100861E+01   0.924742E+05   0.920180E+05  -0.217275E-02  -0.221566E-02   0.163764E+03   0.919868E+05   0.924025E+05   0.919868E+05  -0.219747E-02   0.486417E+05   0.486367E+05   0.167857E-02
   0.109094E+01   0.813262E+05   0.809251E+05  -0.163328E-02  -0.166554E-02   0.123907E+03   0.808975E+05   0.812632E+05   0.808975E+05  -0.193256E-02   0.427778E+05   0.427734E+05   0.136435E-02
   0.118000E+01   0.714756E+05   0.711231E+05  -0.122696E-02  -0.125119E-02   0.936292E+02   0.710988E+05   0.714203E+05   0.710988E+05  -0.169848E-02   0.375964E+05   0.375925E+05   0.110821E-02
   0.127633E+01   0.627804E+05   0.624709E+05  -0.921169E-03  -0.939361E-03   0.706655E+02   0.624494E+05   0.627318E+05   0.624494E+05  -0.149185E-02   0.330227E+05   0.330193E+05   0.899589E-03
   0.138052E+01   0.551094E+05   0.548377E+05  -0.691165E-03  -0.704815E-03   0.532721E+02   0.548188E+05   0.550667E+05   0.548188E+05  -0.130956E-02   0.289877E+05   0.289847E+05   0.729770E-03
   0.149322E+01   0.483480E+05   0.481096E+05  -0.518293E-03  -0.528529E-03   0.401165E+02   0.480930E+05   0.483106E+05   0.480930E+05  -0.114889E-02   0.254312E+05   0.254285E+05   0.591644E-03
   0.161511E+01   0.423925E+05   0.421835E+05  -0.388443E-03  -0.396114E-03   0.301791E+02   0.421689E+05   0.423597E+05   0.421689E+05  -0.100737E-02   0.222986E+05   0.222962E+05   0.479368E-03
   0.174696E+01   0.371509E+05   0.369678E+05  -0.290970E-03  -0.296716E-03   0.226817E+02   0.369549E+05   0.371221E+05   0.369549E+05  -0.882814E-03   0.195415E+05   0.195394E+05   0.388168E-03
   0.188957E+01   0.325402E+05   0.323798E+05  -0.217841E-03  -0.222143E-03   0.170315E+02   0.323685E+05   0.325150E+05   0.323685E+05  -0.773250E-03   0.171162E+05   0.171145E+05   0.314129E-03
   0.197113E+01   0.302929E+05   0.301436E+05  -0.186362E-03  -0.190042E-03   0.145914E+02   0.301331E+05   0.302695E+05   0.301331E+05  -0.719849E-03   0.159342E+05   0.159325E+05   0.280224E-03
   0.245827E+01   0.207936E+05   0.206911E+05  -0.822461E-04  -0.838704E-04   0.647927E+01   0.206839E+05   0.207775E+05   0.206839E+05  -0.494116E-03   0.109375E+05   0.109363E+05   0.153839E-03
   0.306581E+01   0.142226E+05   0.141526E+05  -0.361690E-04  -0.368833E-04   0.286147E+01   0.141476E+05   0.142116E+05   0.141476E+05  -0.337971E-03   0.748114E+04   0.748037E+04   0.840489E-04
   0.382350E+01   0.969689E+04   0.964913E+04  -0.158547E-04  -0.161678E-04   0.125795E+01   0.964572E+04   0.968939E+04   0.964572E+04  -0.230426E-03   0.510059E+04   0.510006E+04   0.456787E-04
   0.476844E+01   0.659183E+04   0.655938E+04  -0.692951E-05  -0.706636E-05   0.550860E+00   0.655705E+04   0.658674E+04   0.655705E+04  -0.156641E-03   0.346732E+04   0.346697E+04   0.246726E-04
   0.594691E+01   0.446899E+04   0.444700E+04  -0.302047E-05  -0.308012E-05   0.240419E+00   0.444541E+04   0.446554E+04   0.444541E+04  -0.106196E-03   0.235070E+04   0.235047E+04   0.132227E-04
   0.741663E+01   0.302231E+04   0.300745E+04  -0.131333E-05  -0.133926E-05   0.104624E+00   0.300636E+04   0.301998E+04   0.300636E+04  -0.718189E-04   0.158974E+04   0.158959E+04   0.701089E-05
   0.924957E+01   0.203929E+04   0.202927E+04  -0.569745E-06  -0.580997E-06   0.454130E-01   0.202853E+04   0.203772E+04   0.202853E+04  -0.484595E-04   0.107267E+04   0.107257E+04   0.365935E-05
   0.115355E+02   0.137311E+04   0.136637E+04  -0.246646E-06  -0.251517E-06   0.196663E-01   0.136587E+04   0.137205E+04   0.136587E+04  -0.326292E-04   0.722261E+03   0.722196E+03   0.186348E-05
   0.143864E+02   0.922755E+03   0.918236E+03  -0.106566E-06  -0.108671E-06   0.849914E-02   0.917889E+03   0.922045E+03   0.917889E+03  -0.219274E-04   0.485372E+03   0.485332E+03   0.910183E-06
   0.179419E+02   0.618982E+03   0.615961E+03  -0.459592E-07  -0.468669E-07   0.366615E-02   0.615720E+03   0.618508E+03   0.615720E+03  -0.147089E-04   0.325587E+03   0.325565E+03   0.411014E-06
   0.223760E+02   0.414508E+03   0.412495E+03  -0.197872E-07  -0.201781E-07   0.157861E-02   0.412325E+03   0.414192E+03   0.412325E+03  -0.985002E-05   0.218033E+03   0.218022E+03   0.155137E-06
   0.279060E+02   0.277136E+03   0.275801E+03  -0.850543E-08  -0.867344E-08   0.678621E-03   0.275678E+03   0.276926E+03   0.275678E+03  -0.658566E-05   0.145775E+03   0.145772E+03   0.285372E-07
   0.348027E+02   0.185008E+03   0.184127E+03  -0.365035E-08  -0.372246E-08   0.291290E-03   0.184036E+03   0.184870E+03   0.184036E+03  -0.439644E-05   0.973151E+02   0.973182E+02  -0.301694E-07
   0.434039E+02   0.123324E+03   0.122748E+03  -0.156428E-08  -0.159519E-08   0.124841E-03   0.122678E+03   0.123233E+03   0.122678E+03  -0.293064E-05   0.648690E+02   0.648760E+02  -0.538581E-07
   0.541307E+02   0.820855E+02   0.817140E+02  -0.669323E-09  -0.682552E-09   0.534265E-04   0.816575E+02   0.820272E+02   0.816575E+02  -0.195071E-05   0.431777E+02   0.431874E+02  -0.600083E-07
   0.675086E+02   0.545553E+02   0.543204E+02  -0.285935E-09  -0.291589E-09   0.228313E-04   0.542727E+02   0.545184E+02   0.542727E+02  -0.129652E-05   0.286967E+02   0.287084E+02  -0.578183E-07
   0.841926E+02   0.362004E+02   0.360570E+02  -0.121940E-09  -0.124353E-09   0.974080E-05   0.360148E+02   0.361778E+02   0.360148E+02  -0.860355E-06   0.190420E+02   0.190551E+02  -0.520514E-07
   0.105000E+03   0.239778E+02   0.238957E+02  -0.518984E-10  -0.529264E-10   0.414887E-05   0.238569E+02   0.239649E+02   0.238569E+02  -0.569915E-06   0.126129E+02   0.126271E+02  -0.451108E-07
