#          k/h    CDM            baryon         photon         nu             mass_nu        total          no_nu          total_de       Weyl           v_CDM          v_b            v_b-v_c     
   0.104976E-04   0.197876E+08   0.197876E+08   0.263697E+08   0.263694E+08   0.197898E+08   0.197876E+08   0.197876E+08   0.197943E+08  -0.473119E+00   0.104471E+08   0.104471E+08   0.517239E+01
   0.115914E-04   0.197876E+08   0.197876E+08   0.263666E+08   0.263663E+08   0.197898E+08   0.197876E+08   0.197876E+08   0.197943E+08  -0.473119E+00   0.104471E+08   0.104471E+08   0.571112E+01
   0.127991E-04   0.197876E+08   0.197876E+08   0.263629E+08   0.263625E+08   0.197898E+08   0.197876E+08   0.197876E+08   0.197943E+08  -0.473119E+00   0.104471E+08   0.104471E+08   0.630592E+01
   0.141327E-04   0.197876E+08   0.197876E+08   0.263584E+08   0.263579E+08   0.197897E+08   0.197876E+08   0.197876E+08   0.197943E+08  -0.473119E+00   0.104471E+08   0.104471E+08   0.696261E+01
   0.156052E-04   0.197876E+08   0.197876E+08   0.263529E+08   0.263522E+08   0.197897E+08   0.197876E+08   0.197876E+08   0.197942E+08  -0.473118E+00   0.104471E+08   0.104471E+08   0.768760E+01
   0.172312E-04   0.197876E+08   0.197876E+08   0.263462E+08   0.263454E+08   0.197897E+08   0.197876E+08   0.197876E+08   0.197942E+08  -0.473118E+00   0.104471E+08   0.104471E+08   0.848797E+01
   0.190266E-04   0.197876E+08   0.197876E+08   0.263380E+08   0.263370E+08   0.197897E+08   0.197876E+08   0.197876E+08   0.197942E+08  -0.473118E+00   0.104471E+08   0.104471E+08   0.937151E+01
   0.210090E-04   0.197875E+08   0.197875E+08   0.263281E+08   0.263269E+08   0.197896E+08   0.197875E+08   0.197875E+08   0.197942E+08  -0.473117E+00   0.104471E+08   0.104471E+08   0.103468E+02
   0.231980E-04   0.197875E+08   0.197875E+08   0.263159E+08   0.263145E+08   0.197896E+08   0.197875E+08   0.197875E+08   0.197942E+08  -0.473116E+00   0.104471E+08   0.104471E+08   0.114233E+02
   0.256151E-04   0.197875E+08   0.197875E+08   0.263011E+08   0.262993E+08   0.197895E+08   0.197875E+08   0.197875E+08   0.197941E+08  -0.473116E+00   0.104471E+08   0.104471E+08   0.126115E+02
   0.282840E-04   0.197875E+08   0.197874E+08   0.262831E+08   0.262809E+08   0.197894E+08   0.197875E+08   0.197875E+08   0.197941E+08  -0.473115E+00   0.104471E+08   0.104471E+08   0.139228E+02
   0.312310E-04   0.197874E+08   0.197874E+08   0.262611E+08   0.262585E+08   0.197893E+08   0.197874E+08   0.197874E+08   0.197940E+08  -0.473113E+00   0.104470E+08   0.104470E+08   0.153697E+02
   0.344850E-04   0.197874E+08   0.197874E+08   0.262343E+08   0.262311E+08   0.197892E+08   0.197874E+08   0.197874E+08   0.197940E+08  -0.473112E+00   0.104470E+08   0.104470E+08   0.169661E+02
   0.380781E-04   0.197873E+08   0.197873E+08   0.262017E+08   0.261978E+08   0.197890E+08   0.197873E+08   0.197873E+08   0.197939E+08  -0.473110E+00   0.104470E+08   0.104470E+08   0.187270E+02
   0.420456E-04   0.197872E+08   0.197872E+08   0.261620E+08   0.261573E+08   0.197888E+08   0.197872E+08   0.197872E+08   0.197938E+08  -0.473108E+00   0.104469E+08   0.104469E+08   0.206691E+02
   0.464264E-04   0.197871E+08   0.197871E+08   0.261137E+08   0.261079E+08   0.197886E+08   0.197871E+08   0.197871E+08   0.197937E+08  -0.473105E+00   0.104469E+08   0.104469E+08   0.228105E+02
   0.512638E-04   0.197870E+08   0.197870E+08   0.260549E+08   0.260478E+08   0.197883E+08   0.197870E+08   0.197870E+08   0.197936E+08  -0.473102E+00   0.104468E+08   0.104468E+08   0.251707E+02
   0.566051E-04   0.197869E+08   0.197869E+08   0.259833E+08   0.259748E+08   0.197880E+08   0.197869E+08   0.197869E+08   0.197935E+08  -0.473098E+00   0.104468E+08   0.104468E+08   0.277711E+02
   0.625029E-04   0.197867E+08   0.197867E+08   0.258963E+08   0.258859E+08   0.197876E+08   0.197867E+08   0.197867E+08   0.197933E+08  -0.473093E+00   0.104467E+08   0.104467E+08   0.306348E+02
   0.690153E-04   0.197865E+08   0.197865E+08   0.257906E+08   0.257780E+08   0.197871E+08   0.197865E+08   0.197865E+08   0.197931E+08  -0.473087E+00   0.104466E+08   0.104466E+08   0.337866E+02
   0.762062E-04   0.197863E+08   0.197863E+08   0.256623E+08   0.256469E+08   0.197865E+08   0.197863E+08   0.197863E+08   0.197928E+08  -0.473080E+00   0.104464E+08   0.104464E+08   0.372530E+02
   0.841464E-04   0.197860E+08   0.197860E+08   0.255066E+08   0.254880E+08   0.197858E+08   0.197860E+08   0.197860E+08   0.197924E+08  -0.473071E+00   0.104463E+08   0.104463E+08   0.410621E+02
   0.929139E-04   0.197857E+08   0.197856E+08   0.253180E+08   0.252954E+08   0.197849E+08   0.197857E+08   0.197857E+08   0.197920E+08  -0.473061E+00   0.104461E+08   0.104461E+08   0.452433E+02
   0.102595E-03   0.197852E+08   0.197852E+08   0.250898E+08   0.250624E+08   0.197838E+08   0.197852E+08   0.197852E+08   0.197916E+08  -0.473048E+00   0.104459E+08   0.104458E+08   0.498269E+02
   0.113285E-03   0.197847E+08   0.197847E+08   0.248141E+08   0.247810E+08   0.197825E+08   0.197847E+08   0.197847E+08   0.197909E+08  -0.473032E+00   0.104456E+08   0.104456E+08   0.548435E+02
   0.125088E-03   0.197841E+08   0.197840E+08   0.244817E+08   0.244418E+08   0.197809E+08   0.197840E+08   0.197841E+08   0.197902E+08  -0.473013E+00   0.104452E+08   0.104452E+08   0.603234E+02
   0.138121E-03   0.197833E+08   0.197832E+08   0.240820E+08   0.240339E+08   0.197789E+08   0.197833E+08   0.197833E+08   0.197893E+08  -0.472990E+00   0.104448E+08   0.104448E+08   0.662949E+02
   0.152513E-03   0.197823E+08   0.197822E+08   0.236028E+08   0.235451E+08   0.197765E+08   0.197823E+08   0.197823E+08   0.197882E+08  -0.472961E+00   0.104443E+08   0.104443E+08   0.727829E+02
   0.168403E-03   0.197812E+08   0.197811E+08   0.230305E+08   0.229615E+08   0.197736E+08   0.197811E+08   0.197812E+08   0.197869E+08  -0.472927E+00   0.104437E+08   0.104436E+08   0.798065E+02
   0.185950E-03   0.197798E+08   0.197796E+08   0.223501E+08   0.222679E+08   0.197700E+08   0.197797E+08   0.197798E+08   0.197854E+08  -0.472886E+00   0.104429E+08   0.104429E+08   0.873760E+02
   0.205324E-03   0.197781E+08   0.197779E+08   0.215457E+08   0.214483E+08   0.197657E+08   0.197780E+08   0.197781E+08   0.197834E+08  -0.472835E+00   0.104420E+08   0.104419E+08   0.954887E+02
   0.226718E-03   0.197760E+08   0.197758E+08   0.206014E+08   0.204867E+08   0.197604E+08   0.197759E+08   0.197760E+08   0.197811E+08  -0.472775E+00   0.104409E+08   0.104408E+08   0.104124E+03
   0.250340E-03   0.197735E+08   0.197733E+08   0.195021E+08   0.193681E+08   0.197540E+08   0.197734E+08   0.197735E+08   0.197783E+08  -0.472701E+00   0.104395E+08   0.104395E+08   0.113237E+03
   0.276424E-03   0.197705E+08   0.197702E+08   0.182358E+08   0.180808E+08   0.197462E+08   0.197703E+08   0.197704E+08   0.197749E+08  -0.472613E+00   0.104379E+08   0.104378E+08   0.122752E+03
   0.305225E-03   0.197668E+08   0.197664E+08   0.167961E+08   0.166189E+08   0.197368E+08   0.197666E+08   0.197667E+08   0.197708E+08  -0.472507E+00   0.104359E+08   0.104358E+08   0.132553E+03
   0.337028E-03   0.197624E+08   0.197619E+08   0.151855E+08   0.149858E+08   0.197254E+08   0.197621E+08   0.197623E+08   0.197659E+08  -0.472381E+00   0.104335E+08   0.104334E+08   0.142475E+03
   0.372144E-03   0.197570E+08   0.197565E+08   0.134196E+08   0.131987E+08   0.197115E+08   0.197567E+08   0.197569E+08   0.197601E+08  -0.472229E+00   0.104306E+08   0.104305E+08   0.152296E+03
   0.410918E-03   0.197506E+08   0.197500E+08   0.115320E+08   0.112932E+08   0.196947E+08   0.197502E+08   0.197505E+08   0.197531E+08  -0.472049E+00   0.104272E+08   0.104270E+08   0.161731E+03
   0.453733E-03   0.197428E+08   0.197421E+08   0.957789E+07   0.932703E+07   0.196744E+08   0.197424E+08   0.197427E+08   0.197448E+08  -0.471837E+00   0.104230E+08   0.104228E+08   0.170430E+03
   0.501009E-03   0.197336E+08   0.197328E+08   0.763584E+07   0.738179E+07   0.196500E+08   0.197331E+08   0.197335E+08   0.197350E+08  -0.471586E+00   0.104180E+08   0.104177E+08   0.177989E+03
   0.553211E-03   0.197226E+08   0.197216E+08   0.580507E+07   0.555962E+07   0.196205E+08   0.197219E+08   0.197224E+08   0.197234E+08  -0.471291E+00   0.104120E+08   0.104117E+08   0.183961E+03
   0.610852E-03   0.197094E+08   0.197083E+08   0.419474E+07   0.397178E+07   0.195851E+08   0.197087E+08   0.197093E+08   0.197097E+08  -0.470947E+00   0.104050E+08   0.104046E+08   0.187902E+03
   0.674498E-03   0.196939E+08   0.196926E+08   0.290368E+07   0.271732E+07   0.195426E+08   0.196930E+08   0.196937E+08   0.196937E+08  -0.470547E+00   0.103966E+08   0.103962E+08   0.189412E+03
   0.744776E-03   0.196756E+08   0.196741E+08   0.199140E+07   0.185294E+07   0.194919E+08   0.196745E+08   0.196753E+08   0.196750E+08  -0.470083E+00   0.103867E+08   0.103863E+08   0.188206E+03
   0.822377E-03   0.196540E+08   0.196524E+08   0.144800E+07   0.136226E+07   0.194314E+08   0.196528E+08   0.196538E+08   0.196531E+08  -0.469546E+00   0.103751E+08   0.103746E+08   0.184174E+03
   0.908062E-03   0.196288E+08   0.196270E+08   0.117958E+07   0.114198E+07   0.193596E+08   0.196273E+08   0.196285E+08   0.196276E+08  -0.468924E+00   0.103615E+08   0.103610E+08   0.177419E+03
   0.100268E-02   0.195993E+08   0.195974E+08   0.103075E+07   0.102720E+07   0.192745E+08   0.195976E+08   0.195990E+08   0.195978E+08  -0.468205E+00   0.103457E+08   0.103452E+08   0.168258E+03
   0.110715E-02   0.195651E+08   0.195631E+08   0.854690E+06   0.865834E+06   0.191742E+08   0.195630E+08   0.195648E+08   0.195632E+08  -0.467373E+00   0.103274E+08   0.103269E+08   0.157167E+03
   0.122251E-02   0.195254E+08   0.195233E+08   0.602809E+06   0.611792E+06   0.190564E+08   0.195230E+08   0.195251E+08   0.195231E+08  -0.466411E+00   0.103062E+08   0.103057E+08   0.144697E+03
   0.134988E-02   0.194795E+08   0.194773E+08   0.356964E+06   0.356030E+06   0.189191E+08   0.194767E+08   0.194792E+08   0.194767E+08  -0.465299E+00   0.102817E+08   0.102812E+08   0.131422E+03
   0.149053E-02   0.194266E+08   0.194244E+08   0.233290E+06   0.223857E+06   0.187606E+08   0.194232E+08   0.194262E+08   0.194233E+08  -0.464019E+00   0.102535E+08   0.102530E+08   0.117959E+03
   0.164583E-02   0.193658E+08   0.193635E+08   0.221742E+06  -0.172358E+06   0.185787E+08   0.193619E+08   0.193654E+08   0.193619E+08  -0.462548E+00   0.102211E+08   0.102206E+08   0.104995E+03
   0.181732E-02   0.192960E+08   0.192937E+08   0.186114E+06  -0.140848E+06   0.183718E+08   0.192915E+08   0.192956E+08   0.192915E+08  -0.460864E+00   0.101840E+08   0.101835E+08   0.932086E+02
   0.200667E-02   0.192163E+08   0.192140E+08   0.900313E+05  -0.115039E+06   0.181386E+08   0.192110E+08   0.192159E+08   0.192111E+08  -0.458941E+00   0.101416E+08   0.101411E+08   0.830378E+02
   0.221575E-02   0.191254E+08   0.191231E+08   0.524708E+05  -0.939052E+05   0.178782E+08   0.191194E+08   0.191251E+08   0.191194E+08  -0.456751E+00   0.100933E+08   0.100928E+08   0.745440E+02
   0.244662E-02   0.190223E+08   0.190198E+08   0.595646E+05  -0.766042E+05   0.175901E+08   0.190155E+08   0.190219E+08   0.190155E+08  -0.454266E+00   0.100385E+08   0.100380E+08   0.674937E+02
   0.270154E-02   0.189056E+08   0.189030E+08   0.241020E+05  -0.624451E+05   0.172742E+08   0.188979E+08   0.189052E+08   0.188979E+08  -0.451456E+00   0.997647E+07   0.997598E+07   0.614390E+02
   0.298302E-02   0.187742E+08   0.187714E+08   0.246027E+05  -0.508620E+05   0.169305E+08   0.187654E+08   0.187737E+08   0.187654E+08  -0.448291E+00   0.990667E+07   0.990617E+07   0.558431E+02
   0.329383E-02   0.186267E+08   0.186236E+08   0.103789E+05  -0.413904E+05   0.165584E+08   0.186169E+08   0.186262E+08   0.186169E+08  -0.444741E+00   0.982835E+07   0.982785E+07   0.504312E+02
   0.363702E-02   0.184617E+08   0.184585E+08   0.451536E+04  -0.336494E+05   0.161573E+08   0.184508E+08   0.184612E+08   0.184508E+08  -0.440774E+00   0.974085E+07   0.974035E+07   0.452874E+02
   0.401597E-02   0.182781E+08   0.182746E+08  -0.306207E+04  -0.273265E+05   0.157259E+08   0.182660E+08   0.182775E+08   0.182660E+08  -0.436359E+00   0.964345E+07   0.964296E+07   0.407055E+02
   0.443441E-02   0.180744E+08   0.180706E+08   0.218945E+03  -0.221654E+05   0.152629E+08   0.180612E+08   0.180738E+08   0.180612E+08  -0.431464E+00   0.953547E+07   0.953498E+07   0.367916E+02
   0.489644E-02   0.178494E+08   0.178451E+08  -0.202113E+04  -0.179556E+05   0.147689E+08   0.178349E+08   0.178487E+08   0.178349E+08  -0.426058E+00   0.941621E+07   0.941572E+07   0.333067E+02
   0.540662E-02   0.176017E+08   0.175969E+08  -0.268331E+04  -0.145246E+05   0.142440E+08   0.175858E+08   0.176010E+08   0.175858E+08  -0.420109E+00   0.928496E+07   0.928448E+07   0.300295E+02
   0.596995E-02   0.173300E+08   0.173246E+08  -0.192378E+04  -0.117309E+05   0.136874E+08   0.173128E+08   0.173292E+08   0.173128E+08  -0.413586E+00   0.914104E+07   0.914055E+07   0.270741E+02
   0.659198E-02   0.170334E+08   0.170272E+08  -0.240096E+04  -0.945859E+04   0.130681E+08   0.170145E+08   0.170324E+08   0.170145E+08  -0.406461E+00   0.898386E+07   0.898337E+07   0.245143E+02
   0.727882E-02   0.167095E+08   0.167025E+08  -0.209717E+04  -0.761182E+04   0.124348E+08   0.166891E+08   0.167084E+08   0.166891E+08  -0.398687E+00   0.881232E+07   0.881184E+07   0.221797E+02
   0.803722E-02   0.163572E+08   0.163491E+08  -0.203669E+04  -0.611280E+04   0.117748E+08   0.163353E+08   0.163559E+08   0.163353E+08  -0.390233E+00   0.862578E+07   0.862530E+07   0.200915E+02
   0.887464E-02   0.159756E+08   0.159663E+08  -0.237361E+04  -0.489780E+04   0.110972E+08   0.159521E+08   0.159741E+08   0.159521E+08  -0.381080E+00   0.842378E+07   0.842330E+07   0.182490E+02
   0.979932E-02   0.155633E+08   0.155526E+08  -0.122251E+04  -0.391444E+04   0.104029E+08   0.155384E+08   0.155616E+08   0.155384E+08  -0.371197E+00   0.820564E+07   0.820515E+07   0.165910E+02
   0.108203E-01   0.151191E+08   0.151066E+08  -0.159918E+04  -0.311976E+04   0.969152E+07   0.150926E+08   0.151171E+08   0.150926E+08  -0.360548E+00   0.797060E+07   0.797011E+07   0.151421E+02
   0.119477E-01   0.146415E+08   0.146270E+08  -0.135723E+04  -0.247867E+04   0.896861E+07   0.146137E+08   0.146392E+08   0.146137E+08  -0.349106E+00   0.771801E+07   0.771751E+07   0.138401E+02
   0.131926E-01   0.141296E+08   0.141128E+08  -0.975621E+03  -0.196249E+04   0.824198E+07   0.141005E+08   0.141270E+08   0.141005E+08  -0.336846E+00   0.744733E+07   0.744682E+07   0.126973E+02
   0.145672E-01   0.135825E+08   0.135630E+08  -0.962782E+03  -0.154776E+04   0.751821E+07   0.135521E+08   0.135794E+08   0.135521E+08  -0.323747E+00   0.715807E+07   0.715756E+07   0.116806E+02
   0.160850E-01   0.129996E+08   0.129771E+08  -0.875468E+03  -0.121536E+04   0.679981E+07   0.129681E+08   0.129960E+08   0.129681E+08  -0.309795E+00   0.684997E+07   0.684945E+07   0.107763E+02
   0.177609E-01   0.123809E+08   0.123552E+08  -0.533947E+03  -0.949699E+03   0.609621E+07   0.123486E+08   0.123769E+08   0.123486E+08  -0.294995E+00   0.652307E+07   0.652254E+07   0.996023E+01
   0.196115E-01   0.117276E+08   0.116983E+08  -0.505850E+03  -0.738076E+03   0.541299E+07   0.116946E+08   0.117230E+08   0.116946E+08  -0.279372E+00   0.617795E+07   0.617741E+07   0.921562E+01
   0.216549E-01   0.110422E+08   0.110091E+08  -0.355234E+03  -0.570169E+03   0.475722E+07   0.110087E+08   0.110370E+08   0.110087E+08  -0.262986E+00   0.581595E+07   0.581540E+07   0.852140E+01
   0.239112E-01   0.103291E+08   0.102923E+08  -0.299853E+03  -0.437590E+03   0.413571E+07   0.102954E+08   0.103233E+08   0.102954E+08  -0.245947E+00   0.543945E+07   0.543889E+07   0.785315E+01
   0.264026E-01   0.959559E+07   0.955526E+07  -0.234614E+03  -0.333525E+03   0.355533E+07   0.956206E+07   0.958926E+07   0.956206E+07  -0.228428E+00   0.505227E+07   0.505171E+07   0.719201E+01
   0.291535E-01   0.885212E+07   0.880882E+07  -0.149951E+03  -0.252437E+03   0.302178E+07   0.881907E+07   0.884532E+07   0.881907E+07  -0.210678E+00   0.465997E+07   0.465940E+07   0.651704E+01
   0.321911E-01   0.811282E+07   0.806749E+07  -0.159038E+03  -0.189813E+03   0.254030E+07   0.808061E+07   0.810570E+07   0.808061E+07  -0.193037E+00   0.427002E+07   0.426946E+07   0.581252E+01
   0.355452E-01   0.739516E+07   0.734918E+07  -0.944941E+02  -0.141954E+03   0.211471E+07   0.736417E+07   0.738794E+07   0.736417E+07  -0.175922E+00   0.389165E+07   0.389111E+07   0.506992E+01
   0.392488E-01   0.671868E+07   0.667384E+07  -0.705885E+02  -0.105812E+03   0.174694E+07   0.668926E+07   0.671164E+07   0.668926E+07  -0.159799E+00   0.353518E+07   0.353467E+07   0.429172E+01
   0.433382E-01   0.610217E+07   0.606052E+07  -0.788351E+02  -0.788498E+02   0.143643E+07   0.607463E+07   0.609563E+07   0.607463E+07  -0.145117E+00   0.321052E+07   0.321006E+07   0.349523E+01
   0.476720E-01   0.557706E+07   0.554038E+07  -0.584214E+02  -0.595801E+02   0.118830E+07   0.555154E+07   0.557130E+07   0.555154E+07  -0.132621E+00   0.293419E+07   0.293380E+07   0.274391E+01
   0.520059E-01   0.516341E+07   0.513250E+07  -0.454668E+02  -0.463682E+02   0.100109E+07   0.513981E+07   0.515855E+07   0.513981E+07  -0.122785E+00   0.271668E+07   0.271635E+07   0.210873E+01
   0.563397E-01   0.482703E+07   0.480189E+07  -0.362307E+02  -0.369488E+02   0.855632E+06   0.480520E+07   0.482308E+07   0.480520E+07  -0.114791E+00   0.253991E+07   0.253964E+07   0.160106E+01
   0.606735E-01   0.454184E+07   0.452174E+07  -0.294042E+02  -0.299868E+02   0.739197E+06   0.452155E+07   0.453868E+07   0.452155E+07  -0.108015E+00   0.239005E+07   0.238983E+07   0.122193E+01
   0.650073E-01   0.428824E+07   0.427198E+07  -0.241914E+02  -0.246707E+02   0.643274E+06   0.426927E+07   0.428569E+07   0.426927E+07  -0.101988E+00   0.225675E+07   0.225657E+07   0.961625E+00
   0.693411E-01   0.405004E+07   0.403620E+07  -0.200858E+02  -0.204837E+02   0.561925E+06   0.403216E+07   0.404787E+07   0.403216E+07  -0.963240E-01   0.213147E+07   0.213130E+07   0.801511E+00
   0.736750E-01   0.381525E+07   0.380245E+07  -0.167639E+02  -0.170959E+02   0.491160E+06   0.379827E+07   0.381324E+07   0.379827E+07  -0.907366E-01   0.200787E+07   0.200772E+07   0.717415E+00
   0.780088E-01   0.358019E+07   0.356729E+07  -0.140335E+02  -0.143114E+02   0.428902E+06   0.356397E+07   0.357816E+07   0.356397E+07  -0.851395E-01   0.188406E+07   0.188390E+07   0.683724E+00
   0.823426E-01   0.334791E+07   0.333415E+07  -0.117789E+02  -0.120121E+02   0.374238E+06   0.333235E+07   0.334575E+07   0.333235E+07  -0.796064E-01   0.176165E+07   0.176148E+07   0.676560E+00
   0.866764E-01   0.312479E+07   0.310988E+07  -0.992242E+01  -0.101188E+02   0.326744E+06   0.310984E+07   0.312244E+07   0.310984E+07  -0.742909E-01   0.164405E+07   0.164387E+07   0.676177E+00
   0.910103E-01   0.291704E+07   0.290109E+07  -0.840178E+01  -0.856805E+01   0.285996E+06   0.290268E+07   0.291453E+07   0.290268E+07  -0.693421E-01   0.153456E+07   0.153438E+07   0.668427E+00
   0.963987E-01   0.268737E+07   0.267075E+07  -0.689940E+01  -0.703591E+01   0.243946E+06   0.267376E+07   0.268476E+07   0.267376E+07  -0.638733E-01   0.141356E+07   0.141338E+07   0.637011E+00
   0.101787E+00   0.249521E+07   0.247888E+07  -0.574613E+01  -0.585981E+01   0.210373E+06   0.248236E+07   0.249264E+07   0.248236E+07  -0.593009E-01   0.131239E+07   0.131221E+07   0.579108E+00
   0.107176E+00   0.234201E+07   0.232693E+07  -0.486522E+01  -0.496145E+01   0.183933E+06   0.232993E+07   0.233964E+07   0.232993E+07  -0.556595E-01   0.123182E+07   0.123166E+07   0.501697E+00
   0.112564E+00   0.222244E+07   0.220927E+07  -0.418605E+01  -0.426884E+01   0.163026E+06   0.221110E+07   0.222037E+07   0.221110E+07  -0.528208E-01   0.116901E+07   0.116886E+07   0.416980E+00
   0.117953E+00   0.212578E+07   0.211476E+07  -0.364718E+01  -0.371931E+01   0.146008E+06   0.211514E+07   0.212405E+07   0.211514E+07  -0.505284E-01   0.111828E+07   0.111816E+07   0.337659E+00
   0.123341E+00   0.204022E+07   0.203113E+07  -0.320177E+01  -0.326509E+01   0.131506E+06   0.203019E+07   0.203879E+07   0.203019E+07  -0.484992E-01   0.107338E+07   0.107328E+07   0.273438E+00
   0.128729E+00   0.195631E+07   0.194863E+07  -0.281885E+01  -0.287460E+01   0.118582E+06   0.194683E+07   0.195511E+07   0.194683E+07  -0.465077E-01   0.102931E+07   0.102922E+07   0.229153E+00
   0.134118E+00   0.186868E+07   0.186171E+07  -0.248080E+01  -0.252986E+01   0.106723E+06   0.185965E+07   0.186759E+07   0.185965E+07  -0.444251E-01   0.983229E+06   0.983147E+06   0.204552E+00
   0.139506E+00   0.177615E+07   0.176927E+07  -0.217942E+01  -0.222251E+01   0.957458E+05   0.176750E+07   0.177507E+07   0.176750E+07  -0.422238E-01   0.934515E+06   0.934433E+06   0.195368E+00
   0.144895E+00   0.168074E+07   0.167350E+07  -0.191180E+01  -0.194960E+01   0.856617E+05   0.167242E+07   0.167960E+07   0.167242E+07  -0.399523E-01   0.884249E+06   0.884165E+06   0.195162E+00
   0.150283E+00   0.158625E+07   0.157848E+07  -0.167721E+01  -0.171037E+01   0.765588E+05   0.157823E+07   0.158503E+07   0.157823E+07  -0.377023E-01   0.834458E+06   0.834369E+06   0.197295E+00
   0.155672E+00   0.149734E+07   0.148913E+07  -0.147545E+01  -0.150462E+01   0.685399E+05   0.148961E+07   0.149605E+07   0.148961E+07  -0.355853E-01   0.787609E+06   0.787517E+06   0.196555E+00
   0.161060E+00   0.141845E+07   0.141009E+07  -0.130574E+01  -0.133155E+01   0.616698E+05   0.141103E+07   0.141714E+07   0.141103E+07  -0.337080E-01   0.746062E+06   0.745970E+06   0.190068E+00
   0.166449E+00   0.135216E+07   0.134399E+07  -0.116546E+01  -0.118849E+01   0.559149E+05   0.134504E+07   0.135088E+07   0.134504E+07  -0.321316E-01   0.711176E+06   0.711087E+06   0.177411E+00
   0.171837E+00   0.129803E+07   0.129039E+07  -0.104979E+01  -0.107054E+01   0.511216E+05   0.129121E+07   0.129683E+07   0.129121E+07  -0.308457E-01   0.682719E+06   0.682637E+06   0.160108E+00
   0.177226E+00   0.125331E+07   0.124641E+07  -0.953005E+00  -0.971840E+00   0.470697E+05   0.124679E+07   0.125223E+07   0.124679E+07  -0.297846E-01   0.659234E+06   0.659160E+06   0.140794E+00
   0.182614E+00   0.121455E+07   0.120845E+07  -0.869917E+00  -0.887110E+00   0.435483E+05   0.120832E+07   0.121359E+07   0.120832E+07  -0.288654E-01   0.638892E+06   0.638825E+06   0.122311E+00
   0.188003E+00   0.117843E+07   0.117304E+07  -0.796429E+00  -0.812169E+00   0.403838E+05   0.117246E+07   0.117758E+07   0.117246E+07  -0.280088E-01   0.619934E+06   0.619874E+06   0.106927E+00
   0.193391E+00   0.114205E+07   0.113717E+07  -0.729478E+00  -0.743895E+00   0.374436E+05   0.113631E+07   0.114128E+07   0.113631E+07  -0.271452E-01   0.600821E+06   0.600765E+06   0.958606E-01
   0.198780E+00   0.110350E+07   0.109889E+07  -0.667188E+00  -0.680373E+00   0.346477E+05   0.109797E+07   0.110278E+07   0.109797E+07  -0.262292E-01   0.580549E+06   0.580496E+06   0.891761E-01
   0.204168E+00   0.106252E+07   0.105796E+07  -0.608956E+00  -0.620990E+00   0.319775E+05   0.105717E+07   0.106181E+07   0.105717E+07  -0.252546E-01   0.558978E+06   0.558925E+06   0.860012E-01
   0.209556E+00   0.102027E+07   0.101561E+07  -0.555047E+00  -0.566015E+00   0.294584E+05   0.101507E+07   0.101954E+07   0.101507E+07  -0.242490E-01   0.536724E+06   0.536670E+06   0.849205E-01
   0.214945E+00   0.978513E+06   0.973700E+06  -0.505964E+00  -0.515962E+00   0.271282E+05   0.973472E+06   0.977757E+06   0.973472E+06  -0.232552E-01   0.514729E+06   0.514675E+06   0.844159E-01
   0.220333E+00   0.939012E+06   0.934081E+06  -0.462071E+00  -0.471201E+00   0.250177E+05   0.934121E+06   0.938237E+06   0.934121E+06  -0.223152E-01   0.493924E+06   0.493869E+06   0.832452E-01
   0.225722E+00   0.903161E+06   0.898210E+06  -0.423459E+00  -0.431826E+00   0.231428E+05   0.898420E+06   0.902383E+06   0.898420E+06  -0.214623E-01   0.475048E+06   0.474994E+06   0.806803E-01
   0.231110E+00   0.871710E+06   0.866866E+06  -0.389879E+00  -0.397583E+00   0.215000E+05   0.867121E+06   0.870949E+06   0.867121E+06  -0.207146E-01   0.458499E+06   0.458446E+06   0.765720E-01
   0.236499E+00   0.844584E+06   0.839961E+06  -0.360740E+00  -0.367867E+00   0.200656E+05   0.840144E+06   0.843858E+06   0.840144E+06  -0.200702E-01   0.444236E+06   0.444186E+06   0.712599E-01
   0.241887E+00   0.821013E+06   0.816688E+06  -0.335237E+00  -0.341861E+00   0.188026E+05   0.816721E+06   0.820333E+06   0.816721E+06  -0.195106E-01   0.431851E+06   0.431804E+06   0.653835E-01
   0.247276E+00   0.799835E+06   0.795831E+06  -0.312527E+00  -0.318702E+00   0.176695E+05   0.795684E+06   0.799206E+06   0.795684E+06  -0.190080E-01   0.420728E+06   0.420684E+06   0.596588E-01
   0.252664E+00   0.779763E+06   0.776050E+06  -0.291840E+00  -0.297607E+00   0.166273E+05   0.775743E+06   0.779180E+06   0.775743E+06  -0.185317E-01   0.410185E+06   0.410144E+06   0.546806E-01
   0.258053E+00   0.759667E+06   0.756177E+06  -0.272579E+00  -0.277965E+00   0.156454E+05   0.755768E+06   0.759119E+06   0.755768E+06  -0.180545E-01   0.399623E+06   0.399584E+06   0.507964E-01
   0.263441E+00   0.738900E+06   0.735549E+06  -0.254398E+00  -0.259425E+00   0.147065E+05   0.735112E+06   0.738374E+06   0.735112E+06  -0.175611E-01   0.388702E+06   0.388664E+06   0.480691E-01
   0.268830E+00   0.717431E+06   0.714140E+06  -0.237205E+00  -0.241892E+00   0.138072E+05   0.713745E+06   0.716914E+06   0.713745E+06  -0.170506E-01   0.377404E+06   0.377367E+06   0.463147E-01
   0.274218E+00   0.695662E+06   0.692376E+06  -0.221056E+00  -0.225423E+00   0.129529E+05   0.692071E+06   0.695146E+06   0.692071E+06  -0.165328E-01   0.365945E+06   0.365907E+06   0.451901E-01
   0.279606E+00   0.674152E+06   0.670847E+06  -0.206041E+00  -0.210112E+00   0.121507E+05   0.670651E+06   0.673632E+06   0.670651E+06  -0.160211E-01   0.354619E+06   0.354582E+06   0.443024E-01
   0.284995E+00   0.653475E+06   0.650159E+06  -0.192239E+00  -0.196037E+00   0.114072E+05   0.650063E+06   0.652954E+06   0.650063E+06  -0.155293E-01   0.343733E+06   0.343696E+06   0.433118E-01
   0.290383E+00   0.634161E+06   0.630863E+06  -0.179696E+00  -0.183247E+00   0.107270E+05   0.630835E+06   0.633643E+06   0.630835E+06  -0.150700E-01   0.333567E+06   0.333530E+06   0.420025E-01
   0.295772E+00   0.616559E+06   0.613323E+06  -0.168401E+00  -0.171728E+00   0.101111E+05   0.613319E+06   0.616050E+06   0.613319E+06  -0.146516E-01   0.324305E+06   0.324270E+06   0.403079E-01
   0.301160E+00   0.600699E+06   0.597565E+06  -0.158253E+00  -0.161380E+00   0.955521E+04   0.597545E+06   0.600207E+06   0.597545E+06  -0.142747E-01   0.315965E+06   0.315930E+06   0.382941E-01
   0.306549E+00   0.586300E+06   0.583295E+06  -0.149081E+00  -0.152026E+00   0.905036E+04   0.583228E+06   0.585828E+06   0.583228E+06  -0.139327E-01   0.308395E+06   0.308362E+06   0.361151E-01
   0.311937E+00   0.572924E+06   0.570060E+06  -0.140693E+00  -0.143473E+00   0.858623E+04   0.569933E+06   0.572474E+06   0.569933E+06  -0.136151E-01   0.301365E+06   0.301333E+06   0.339581E-01
   0.317326E+00   0.560139E+06   0.557407E+06  -0.132925E+00  -0.135551E+00   0.815360E+04   0.557224E+06   0.559710E+06   0.557224E+06  -0.133115E-01   0.294645E+06   0.294615E+06   0.319910E-01
   0.322714E+00   0.547591E+06   0.544969E+06  -0.125647E+00  -0.128129E+00   0.774527E+04   0.544747E+06   0.547179E+06   0.544747E+06  -0.130134E-01   0.288048E+06   0.288019E+06   0.303238E-01
   0.328103E+00   0.535032E+06   0.532491E+06  -0.118767E+00  -0.121113E+00   0.735635E+04   0.532256E+06   0.534632E+06   0.532256E+06  -0.127150E-01   0.281443E+06   0.281415E+06   0.289913E-01
   0.333491E+00   0.522360E+06   0.519873E+06  -0.112238E+00  -0.114456E+00   0.698429E+04   0.519648E+06   0.521970E+06   0.519648E+06  -0.124139E-01   0.274777E+06   0.274749E+06   0.279576E-01
   0.338880E+00   0.509648E+06   0.507191E+06  -0.106052E+00  -0.108147E+00   0.662914E+04   0.506996E+06   0.509262E+06   0.506996E+06  -0.121116E-01   0.268087E+06   0.268059E+06   0.271381E-01
   0.344268E+00   0.497098E+06   0.494661E+06  -0.100227E+00  -0.102207E+00   0.629251E+04   0.494504E+06   0.496715E+06   0.494504E+06  -0.118132E-01   0.261482E+06   0.261455E+06   0.264282E-01
   0.349656E+00   0.484951E+06   0.482534E+06  -0.947874E-01  -0.966598E-01   0.597631E+04   0.482414E+06   0.484571E+06   0.482414E+06  -0.115244E-01   0.255089E+06   0.255062E+06   0.257308E-01
   0.355045E+00   0.473392E+06   0.471002E+06  -0.897407E-01  -0.915134E-01   0.568154E+04   0.470910E+06   0.473017E+06   0.470910E+06  -0.112496E-01   0.249006E+06   0.248980E+06   0.249767E-01
   0.360433E+00   0.462514E+06   0.460165E+06  -0.850768E-01  -0.867574E-01   0.540792E+04   0.460087E+06   0.462145E+06   0.460087E+06  -0.109910E-01   0.243283E+06   0.243257E+06   0.241349E-01
   0.365822E+00   0.452332E+06   0.450036E+06  -0.807712E-01  -0.823667E-01   0.515431E+04   0.449957E+06   0.451971E+06   0.449957E+06  -0.107490E-01   0.237927E+06   0.237902E+06   0.232127E-01
   0.371210E+00   0.442792E+06   0.440560E+06  -0.767896E-01  -0.783065E-01   0.491888E+04   0.440469E+06   0.442441E+06   0.440469E+06  -0.105223E-01   0.232910E+06   0.232886E+06   0.222456E-01
   0.376599E+00   0.433782E+06   0.431619E+06  -0.730907E-01  -0.745345E-01   0.469927E+04   0.431510E+06   0.433442E+06   0.431510E+06  -0.103083E-01   0.228173E+06   0.228149E+06   0.212833E-01
   0.381987E+00   0.425147E+06   0.423051E+06  -0.696298E-01  -0.710053E-01   0.449289E+04   0.422923E+06   0.424818E+06   0.422923E+06  -0.101032E-01   0.223633E+06   0.223609E+06   0.203735E-01
   0.387376E+00   0.416731E+06   0.414696E+06  -0.663667E-01  -0.676777E-01   0.429735E+04   0.414554E+06   0.416412E+06   0.414554E+06  -0.990326E-02   0.219207E+06   0.219185E+06   0.195511E-01
   0.392764E+00   0.408429E+06   0.406444E+06  -0.632725E-01  -0.645224E-01   0.411099E+04   0.406296E+06   0.408117E+06   0.406296E+06  -0.970598E-02   0.214841E+06   0.214819E+06   0.188316E-01
   0.398153E+00   0.400199E+06   0.398255E+06  -0.603311E-01  -0.615229E-01   0.393291E+04   0.398109E+06   0.399893E+06   0.398109E+06  -0.951040E-02   0.210512E+06   0.210490E+06   0.182112E-01
   0.403541E+00   0.392058E+06   0.390146E+06  -0.575362E-01  -0.586727E-01   0.376286E+04   0.390009E+06   0.391758E+06   0.390009E+06  -0.931691E-02   0.206229E+06   0.206208E+06   0.176704E-01
   0.408930E+00   0.384057E+06   0.382171E+06  -0.548864E-01  -0.559706E-01   0.360090E+04   0.382047E+06   0.383761E+06   0.382047E+06  -0.912671E-02   0.202019E+06   0.201998E+06   0.171811E-01
   0.414318E+00   0.376254E+06   0.374393E+06  -0.523817E-01  -0.534163E-01   0.344715E+04   0.374282E+06   0.375962E+06   0.374282E+06  -0.894122E-02   0.197913E+06   0.197892E+06   0.167146E-01
   0.419706E+00   0.368708E+06   0.366873E+06  -0.500216E-01  -0.510096E-01   0.330172E+04   0.366774E+06   0.368420E+06   0.366774E+06  -0.876185E-02   0.193943E+06   0.193923E+06   0.162482E-01
   0.425095E+00   0.361468E+06   0.359662E+06  -0.478041E-01  -0.487484E-01   0.316459E+04   0.359571E+06   0.361185E+06   0.359571E+06  -0.858977E-02   0.190134E+06   0.190114E+06   0.157691E-01
   0.430483E+00   0.354558E+06   0.352786E+06  -0.457239E-01  -0.466271E-01   0.303553E+04   0.352697E+06   0.354280E+06   0.352697E+06  -0.842556E-02   0.186499E+06   0.186480E+06   0.152753E-01
   0.435872E+00   0.347964E+06   0.346228E+06  -0.437711E-01  -0.446357E-01   0.291400E+04   0.346138E+06   0.347692E+06   0.346138E+06  -0.826887E-02   0.183031E+06   0.183012E+06   0.147736E-01
   0.441260E+00   0.341640E+06   0.339942E+06  -0.419326E-01  -0.427609E-01   0.279920E+04   0.339847E+06   0.341373E+06   0.339847E+06  -0.811858E-02   0.179705E+06   0.179686E+06   0.142758E-01
   0.446649E+00   0.335530E+06   0.333871E+06  -0.401953E-01  -0.409892E-01   0.269036E+04   0.333770E+06   0.335269E+06   0.333770E+06  -0.797342E-02   0.176492E+06   0.176473E+06   0.137954E-01
   0.452037E+00   0.329592E+06   0.327969E+06  -0.385485E-01  -0.393099E-01   0.258683E+04   0.327865E+06   0.329337E+06   0.327865E+06  -0.783234E-02   0.173369E+06   0.173351E+06   0.133433E-01
   0.457426E+00   0.323792E+06   0.322202E+06  -0.369833E-01  -0.377138E-01   0.248810E+04   0.322095E+06   0.323542E+06   0.322095E+06  -0.769451E-02   0.170318E+06   0.170300E+06   0.129260E-01
   0.462814E+00   0.318099E+06   0.316539E+06  -0.354921E-01  -0.361932E-01   0.239369E+04   0.316432E+06   0.317854E+06   0.316432E+06  -0.755923E-02   0.167324E+06   0.167306E+06   0.125443E-01
   0.468203E+00   0.312498E+06   0.310964E+06  -0.340693E-01  -0.347422E-01   0.230329E+04   0.310860E+06   0.312257E+06   0.310860E+06  -0.742611E-02   0.164377E+06   0.164360E+06   0.121939E-01
   0.473591E+00   0.306996E+06   0.305486E+06  -0.327123E-01  -0.333584E-01   0.221679E+04   0.305386E+06   0.306759E+06   0.305386E+06  -0.729536E-02   0.161483E+06   0.161466E+06   0.118677E-01
   0.478980E+00   0.301621E+06   0.300132E+06  -0.314204E-01  -0.320411E-01   0.213417E+04   0.300038E+06   0.301387E+06   0.300038E+06  -0.716759E-02   0.158655E+06   0.158638E+06   0.115574E-01
   0.484368E+00   0.296394E+06   0.294927E+06  -0.301928E-01  -0.307892E-01   0.205543E+04   0.294838E+06   0.296163E+06   0.294838E+06  -0.704336E-02   0.155905E+06   0.155889E+06   0.112559E-01
   0.489756E+00   0.291326E+06   0.289881E+06  -0.290272E-01  -0.296005E-01   0.198045E+04   0.289796E+06   0.291099E+06   0.289796E+06  -0.692292E-02   0.153239E+06   0.153223E+06   0.109580E-01
   0.495145E+00   0.286420E+06   0.284998E+06  -0.279206E-01  -0.284721E-01   0.190907E+04   0.284915E+06   0.286196E+06   0.284915E+06  -0.680632E-02   0.150658E+06   0.150643E+06   0.106615E-01
   0.500533E+00   0.281674E+06   0.280276E+06  -0.268701E-01  -0.274008E-01   0.184113E+04   0.280194E+06   0.281454E+06   0.280194E+06  -0.669354E-02   0.148162E+06   0.148146E+06   0.103668E-01
   0.505922E+00   0.277083E+06   0.275710E+06  -0.258721E-01  -0.263831E-01   0.177643E+04   0.275627E+06   0.276867E+06   0.275627E+06  -0.658444E-02   0.145747E+06   0.145732E+06   0.100768E-01
   0.511310E+00   0.272632E+06   0.271283E+06  -0.249229E-01  -0.254152E-01   0.171473E+04   0.271200E+06   0.272420E+06   0.271200E+06  -0.647868E-02   0.143406E+06   0.143391E+06   0.979469E-02
   0.516699E+00   0.268300E+06   0.266975E+06  -0.240181E-01  -0.244925E-01   0.165576E+04   0.266891E+06   0.268092E+06   0.266891E+06  -0.637574E-02   0.141128E+06   0.141113E+06   0.952373E-02
   0.522087E+00   0.264066E+06   0.262765E+06  -0.231538E-01  -0.236111E-01   0.159928E+04   0.262680E+06   0.263862E+06   0.262680E+06  -0.627515E-02   0.138901E+06   0.138887E+06   0.926605E-02
   0.527476E+00   0.259921E+06   0.258641E+06  -0.223271E-01  -0.227681E-01   0.154512E+04   0.258556E+06   0.259720E+06   0.258556E+06  -0.617664E-02   0.136721E+06   0.136706E+06   0.902246E-02
   0.532864E+00   0.255860E+06   0.254600E+06  -0.215361E-01  -0.219614E-01   0.149316E+04   0.254516E+06   0.255662E+06   0.254516E+06  -0.608013E-02   0.134584E+06   0.134570E+06   0.879241E-02
   0.538253E+00   0.251884E+06   0.250642E+06  -0.207790E-01  -0.211895E-01   0.144331E+04   0.250561E+06   0.251689E+06   0.250561E+06  -0.598564E-02   0.132493E+06   0.132479E+06   0.857417E-02
   0.543641E+00   0.247992E+06   0.246769E+06  -0.200545E-01  -0.204506E-01   0.139547E+04   0.246689E+06   0.247800E+06   0.246689E+06  -0.589315E-02   0.130446E+06   0.130432E+06   0.836537E-02
   0.549030E+00   0.244187E+06   0.242981E+06  -0.193611E-01  -0.197435E-01   0.134959E+04   0.242904E+06   0.243997E+06   0.242904E+06  -0.580271E-02   0.128444E+06   0.128430E+06   0.816365E-02
   0.554418E+00   0.240474E+06   0.239285E+06  -0.186979E-01  -0.190672E-01   0.130560E+04   0.239210E+06   0.240287E+06   0.239210E+06  -0.571447E-02   0.126491E+06   0.126477E+06   0.796715E-02
   0.559806E+00   0.236858E+06   0.235687E+06  -0.180640E-01  -0.184207E-01   0.126347E+04   0.235613E+06   0.236674E+06   0.235613E+06  -0.562855E-02   0.124589E+06   0.124576E+06   0.777479E-02
   0.565195E+00   0.233341E+06   0.232186E+06  -0.174580E-01  -0.178028E-01   0.122311E+04   0.232114E+06   0.233159E+06   0.232114E+06  -0.554496E-02   0.122739E+06   0.122726E+06   0.758621E-02
   0.570583E+00   0.229915E+06   0.228778E+06  -0.168784E-01  -0.172117E-01   0.118441E+04   0.228706E+06   0.229736E+06   0.228706E+06  -0.546354E-02   0.120936E+06   0.120924E+06   0.740164E-02
   0.575972E+00   0.226573E+06   0.225453E+06  -0.163233E-01  -0.166457E-01   0.114728E+04   0.225382E+06   0.226397E+06   0.225382E+06  -0.538413E-02   0.119179E+06   0.119166E+06   0.722176E-02
   0.581360E+00   0.223310E+06   0.222207E+06  -0.157914E-01  -0.161033E-01   0.111163E+04   0.222136E+06   0.223137E+06   0.222136E+06  -0.530660E-02   0.117462E+06   0.117450E+06   0.704740E-02
   0.586749E+00   0.220123E+06   0.219036E+06  -0.152815E-01  -0.155833E-01   0.107738E+04   0.218966E+06   0.219952E+06   0.218966E+06  -0.523086E-02   0.115786E+06   0.115774E+06   0.687927E-02
   0.592137E+00   0.217006E+06   0.215935E+06  -0.147922E-01  -0.150843E-01   0.104446E+04   0.215865E+06   0.216838E+06   0.215865E+06  -0.515679E-02   0.114146E+06   0.114135E+06   0.671771E-02
   0.597526E+00   0.213952E+06   0.212897E+06  -0.143222E-01  -0.146051E-01   0.101276E+04   0.212827E+06   0.213786E+06   0.212827E+06  -0.508422E-02   0.112540E+06   0.112528E+06   0.656260E-02
   0.602914E+00   0.210957E+06   0.209917E+06  -0.138704E-01  -0.141444E-01   0.982235E+03   0.209848E+06   0.210794E+06   0.209848E+06  -0.501305E-02   0.110965E+06   0.110953E+06   0.641353E-02
   0.608303E+00   0.208023E+06   0.206996E+06  -0.134363E-01  -0.137017E-01   0.952842E+03   0.206929E+06   0.207862E+06   0.206929E+06  -0.494332E-02   0.109421E+06   0.109410E+06   0.626989E-02
   0.613691E+00   0.205152E+06   0.204139E+06  -0.130192E-01  -0.132763E-01   0.924549E+03   0.204073E+06   0.204993E+06   0.204073E+06  -0.487509E-02   0.107911E+06   0.107900E+06   0.613100E-02
   0.619080E+00   0.202343E+06   0.201344E+06  -0.126184E-01  -0.128676E-01   0.897317E+03   0.201279E+06   0.202186E+06   0.201279E+06  -0.480835E-02   0.106434E+06   0.106423E+06   0.599617E-02
   0.624468E+00   0.199596E+06   0.198610E+06  -0.122332E-01  -0.124748E-01   0.871091E+03   0.198546E+06   0.199441E+06   0.198546E+06  -0.474305E-02   0.104988E+06   0.104977E+06   0.586486E-02
   0.629856E+00   0.196907E+06   0.195934E+06  -0.118628E-01  -0.120971E-01   0.845835E+03   0.195871E+06   0.196754E+06   0.195871E+06  -0.467916E-02   0.103574E+06   0.103563E+06   0.573675E-02
   0.681274E+00   0.173944E+06   0.173086E+06  -0.895741E-02  -0.913432E-02   0.646057E+03   0.173029E+06   0.173809E+06   0.173029E+06  -0.413348E-02   0.914956E+05   0.914860E+05   0.468109E-02
   0.736889E+00   0.153525E+06   0.152767E+06  -0.675763E-02  -0.689109E-02   0.492552E+03   0.152716E+06   0.153406E+06   0.152716E+06  -0.364823E-02   0.807546E+05   0.807462E+05   0.381849E-02
   0.797043E+00   0.135398E+06   0.134729E+06  -0.509415E-02  -0.519476E-02   0.374888E+03   0.134685E+06   0.135293E+06   0.134685E+06  -0.321747E-02   0.712197E+05   0.712123E+05   0.311279E-02
   0.862109E+00   0.119322E+06   0.118734E+06  -0.383730E-02  -0.391309E-02   0.284876E+03   0.118694E+06   0.119230E+06   0.118694E+06  -0.283547E-02   0.627641E+05   0.627575E+05   0.253549E-02
   0.932485E+00   0.105080E+06   0.104561E+06  -0.288845E-02  -0.294550E-02   0.216146E+03   0.104526E+06   0.104998E+06   0.104526E+06  -0.249701E-02   0.552723E+05   0.552665E+05   0.206372E-02
   0.100861E+01   0.924742E+05   0.920180E+05  -0.217275E-02  -0.221566E-02   0.163764E+03   0.919868E+05   0.924025E+05   0.919868E+05  -0.219747E-02   0.486417E+05   0.486367E+05   0.167857E-02
   0.109094E+01   0.813262E+05   0.809251E+05  -0.163328E-02  -0.166554E-02   0.123907E+03   0.808975E+05   0.812632E+05   0.808975E+05  -0.193256E-02   0.427778E+05   0.427734E+05   0.136435E-02
   0.118000E+01   0.714756E+05   0.711231E+05  -0.122696E-02  -0.125119E-02   0.936292E+02   0.710988E+05   0.714203E+05   0.710988E+05  -0.169848E-02   0.375964E+05   0.375925E+05   0.110821E-02
   0.127633E+01   0.627804E+05   0.624709E+05  -0.921169E-03  -0.939361E-03   0.706655E+02   0.624494E+05   0.627318E+05   0.624494E+05  -0.149185E-02   0.330227E+05   0.330193E+05   0.899589E-03
   0.138052E+01   0.551094E+05   0.548377E+05  -0.691165E-03  -0.704815E-03   0.532721E+02   0.548188E+05   0.550667E+05   0.548188E+05  -0.130956E-02   0.289877E+05   0.289847E+05   0.729770E-03
   0.149322E+01   0.483480E+05   0.481096E+05  -0.518293E-03  -0.528529E-03   0.401165E+02   0.480930E+05   0.483105E+05   0.480930E+05  -0.114889E-02   0.254312E+05   0.254285E+05   0.591644E-03
   0.161511E+01   0.423925E+05   0.421835E+05  -0.388443E-03  -0.396114E-03   0.301791E+02   0.421689E+05   0.423596E+05   0.421689E+05  -0.100737E-02   0.222986E+05   0.222962E+05   0.479368E-03
   0.174696E+01   0.371509E+05   0.369678E+05  -0.290970E-03  -0.296716E-03   0.226817E+02   0.369549E+05   0.371221E+05   0.369549E+05  -0.882814E-03   0.195415E+05   0.195394E+05   0.388168E-03
   0.188957E+01   0.325402E+05   0.323798E+05  -0.217841E-03  -0.222143E-03   0.170315E+02   0.323685E+05   0.325150E+05   0.323685E+05  -0.773250E-03   0.171162E+05   0.171144E+05   0.314129E-03
   0.210000E+01   0.272050E+05   0.270709E+05  -0.147454E-03  -0.150366E-03   0.115682E+02   0.270614E+05   0.271839E+05   0.270614E+05  -0.646469E-03   0.143099E+05   0.143084E+05   0.236066E-03
