#          k/h    CDM            baryon         photon         nu             mass_nu        total          no_nu          total_de       Weyl           v_CDM          v_b            v_b-v_c     
   0.104306E-04   0.198867E+08   0.198867E+08   0.265016E+08   0.265013E+08   0.000000E+00   0.198867E+08   0.198867E+08   0.198955E+08  -0.471018E+00   0.103836E+08   0.103836E+08   0.527574E+01
   0.115223E-04   0.198866E+08   0.198866E+08   0.264986E+08   0.264982E+08   0.000000E+00   0.198866E+08   0.198866E+08   0.198955E+08  -0.471018E+00   0.103836E+08   0.103836E+08   0.582776E+01
   0.127284E-04   0.198866E+08   0.198866E+08   0.264948E+08   0.264944E+08   0.000000E+00   0.198866E+08   0.198866E+08   0.198955E+08  -0.471017E+00   0.103836E+08   0.103836E+08   0.643748E+01
   0.140606E-04   0.198866E+08   0.198866E+08   0.264902E+08   0.264897E+08   0.000000E+00   0.198866E+08   0.198866E+08   0.198955E+08  -0.471017E+00   0.103836E+08   0.103836E+08   0.711094E+01
   0.155324E-04   0.198866E+08   0.198866E+08   0.264846E+08   0.264840E+08   0.000000E+00   0.198866E+08   0.198866E+08   0.198955E+08  -0.471017E+00   0.103836E+08   0.103836E+08   0.785476E+01
   0.171581E-04   0.198866E+08   0.198866E+08   0.264778E+08   0.264770E+08   0.000000E+00   0.198866E+08   0.198866E+08   0.198955E+08  -0.471016E+00   0.103836E+08   0.103836E+08   0.867628E+01
   0.189541E-04   0.198866E+08   0.198866E+08   0.264695E+08   0.264685E+08   0.000000E+00   0.198866E+08   0.198866E+08   0.198954E+08  -0.471016E+00   0.103836E+08   0.103836E+08   0.958356E+01
   0.209380E-04   0.198866E+08   0.198866E+08   0.264594E+08   0.264582E+08   0.000000E+00   0.198866E+08   0.198866E+08   0.198954E+08  -0.471015E+00   0.103836E+08   0.103836E+08   0.105855E+02
   0.231296E-04   0.198865E+08   0.198865E+08   0.264470E+08   0.264455E+08   0.000000E+00   0.198865E+08   0.198865E+08   0.198954E+08  -0.471014E+00   0.103836E+08   0.103836E+08   0.116919E+02
   0.255506E-04   0.198865E+08   0.198865E+08   0.264319E+08   0.264301E+08   0.000000E+00   0.198865E+08   0.198865E+08   0.198954E+08  -0.471013E+00   0.103835E+08   0.103835E+08   0.129136E+02
   0.282250E-04   0.198865E+08   0.198865E+08   0.264136E+08   0.264113E+08   0.000000E+00   0.198865E+08   0.198865E+08   0.198953E+08  -0.471012E+00   0.103835E+08   0.103835E+08   0.142624E+02
   0.311793E-04   0.198864E+08   0.198864E+08   0.263911E+08   0.263884E+08   0.000000E+00   0.198864E+08   0.198864E+08   0.198952E+08  -0.471010E+00   0.103835E+08   0.103835E+08   0.157513E+02
   0.344428E-04   0.198864E+08   0.198864E+08   0.263638E+08   0.263605E+08   0.000000E+00   0.198864E+08   0.198864E+08   0.198952E+08  -0.471009E+00   0.103835E+08   0.103835E+08   0.173948E+02
   0.380479E-04   0.198863E+08   0.198863E+08   0.263305E+08   0.263264E+08   0.000000E+00   0.198863E+08   0.198863E+08   0.198951E+08  -0.471006E+00   0.103834E+08   0.103834E+08   0.192085E+02
   0.420304E-04   0.198862E+08   0.198862E+08   0.262898E+08   0.262849E+08   0.000000E+00   0.198862E+08   0.198862E+08   0.198950E+08  -0.471004E+00   0.103834E+08   0.103834E+08   0.212096E+02
   0.464297E-04   0.198861E+08   0.198861E+08   0.262403E+08   0.262343E+08   0.000000E+00   0.198861E+08   0.198861E+08   0.198949E+08  -0.471000E+00   0.103833E+08   0.103833E+08   0.234169E+02
   0.512895E-04   0.198860E+08   0.198859E+08   0.261800E+08   0.261727E+08   0.000000E+00   0.198860E+08   0.198860E+08   0.198947E+08  -0.470996E+00   0.103833E+08   0.103832E+08   0.258507E+02
   0.566580E-04   0.198858E+08   0.198858E+08   0.261067E+08   0.260978E+08   0.000000E+00   0.198858E+08   0.198858E+08   0.198945E+08  -0.470992E+00   0.103832E+08   0.103832E+08   0.285334E+02
   0.625884E-04   0.198856E+08   0.198856E+08   0.260174E+08   0.260065E+08   0.000000E+00   0.198856E+08   0.198856E+08   0.198943E+08  -0.470986E+00   0.103831E+08   0.103831E+08   0.314889E+02
   0.691395E-04   0.198854E+08   0.198853E+08   0.259088E+08   0.258956E+08   0.000000E+00   0.198854E+08   0.198854E+08   0.198940E+08  -0.470978E+00   0.103829E+08   0.103829E+08   0.347429E+02
   0.763764E-04   0.198851E+08   0.198850E+08   0.257768E+08   0.257608E+08   0.000000E+00   0.198851E+08   0.198851E+08   0.198937E+08  -0.470969E+00   0.103828E+08   0.103828E+08   0.383231E+02
   0.843707E-04   0.198847E+08   0.198847E+08   0.256166E+08   0.255972E+08   0.000000E+00   0.198847E+08   0.198847E+08   0.198933E+08  -0.470959E+00   0.103826E+08   0.103826E+08   0.422585E+02
   0.932018E-04   0.198843E+08   0.198842E+08   0.254224E+08   0.253988E+08   0.000000E+00   0.198843E+08   0.198843E+08   0.198928E+08  -0.470945E+00   0.103824E+08   0.103823E+08   0.465797E+02
   0.102957E-03   0.198837E+08   0.198837E+08   0.251872E+08   0.251586E+08   0.000000E+00   0.198837E+08   0.198837E+08   0.198922E+08  -0.470929E+00   0.103821E+08   0.103821E+08   0.513182E+02
   0.113734E-03   0.198831E+08   0.198830E+08   0.249029E+08   0.248684E+08   0.000000E+00   0.198831E+08   0.198831E+08   0.198914E+08  -0.470910E+00   0.103817E+08   0.103817E+08   0.565058E+02
   0.125638E-03   0.198823E+08   0.198822E+08   0.245601E+08   0.245183E+08   0.000000E+00   0.198823E+08   0.198823E+08   0.198905E+08  -0.470886E+00   0.103813E+08   0.103813E+08   0.621735E+02
   0.138789E-03   0.198813E+08   0.198813E+08   0.241475E+08   0.240972E+08   0.000000E+00   0.198813E+08   0.198813E+08   0.198894E+08  -0.470857E+00   0.103808E+08   0.103808E+08   0.683505E+02
   0.153316E-03   0.198802E+08   0.198801E+08   0.236528E+08   0.235924E+08   0.000000E+00   0.198802E+08   0.198802E+08   0.198881E+08  -0.470822E+00   0.103802E+08   0.103802E+08   0.750623E+02
   0.169363E-03   0.198788E+08   0.198786E+08   0.230617E+08   0.229894E+08   0.000000E+00   0.198787E+08   0.198787E+08   0.198864E+08  -0.470780E+00   0.103794E+08   0.103794E+08   0.823279E+02
   0.187091E-03   0.198770E+08   0.198769E+08   0.223589E+08   0.222728E+08   0.000000E+00   0.198770E+08   0.198770E+08   0.198845E+08  -0.470728E+00   0.103785E+08   0.103785E+08   0.901567E+02
   0.206674E-03   0.198749E+08   0.198748E+08   0.215282E+08   0.214261E+08   0.000000E+00   0.198749E+08   0.198749E+08   0.198821E+08  -0.470666E+00   0.103774E+08   0.103773E+08   0.985446E+02
   0.228306E-03   0.198724E+08   0.198722E+08   0.205532E+08   0.204331E+08   0.000000E+00   0.198723E+08   0.198723E+08   0.198792E+08  -0.470590E+00   0.103760E+08   0.103760E+08   0.107468E+03
   0.252203E-03   0.198693E+08   0.198690E+08   0.194191E+08   0.192788E+08   0.000000E+00   0.198692E+08   0.198692E+08   0.198757E+08  -0.470499E+00   0.103744E+08   0.103743E+08   0.116877E+03
   0.278601E-03   0.198655E+08   0.198652E+08   0.181141E+08   0.179520E+08   0.000000E+00   0.198655E+08   0.198655E+08   0.198715E+08  -0.470390E+00   0.103724E+08   0.103723E+08   0.126689E+03
   0.307762E-03   0.198610E+08   0.198606E+08   0.166328E+08   0.164477E+08   0.000000E+00   0.198609E+08   0.198609E+08   0.198665E+08  -0.470259E+00   0.103700E+08   0.103699E+08   0.136779E+03
   0.339976E-03   0.198555E+08   0.198551E+08   0.149796E+08   0.147714E+08   0.000000E+00   0.198555E+08   0.198555E+08   0.198604E+08  -0.470102E+00   0.103671E+08   0.103669E+08   0.146969E+03
   0.375561E-03   0.198489E+08   0.198484E+08   0.131729E+08   0.129433E+08   0.000000E+00   0.198488E+08   0.198488E+08   0.198532E+08  -0.469916E+00   0.103636E+08   0.103634E+08   0.157021E+03
   0.414871E-03   0.198410E+08   0.198404E+08   0.112501E+08   0.110029E+08   0.000000E+00   0.198409E+08   0.198409E+08   0.198446E+08  -0.469695E+00   0.103594E+08   0.103592E+08   0.166633E+03
   0.458296E-03   0.198315E+08   0.198308E+08   0.927146E+07   0.901319E+07   0.000000E+00   0.198314E+08   0.198314E+08   0.198344E+08  -0.469434E+00   0.103543E+08   0.103541E+08   0.175436E+03
   0.506265E-03   0.198202E+08   0.198193E+08   0.732108E+07   0.706147E+07   0.000000E+00   0.198200E+08   0.198200E+08   0.198224E+08  -0.469127E+00   0.103483E+08   0.103480E+08   0.183001E+03
   0.559256E-03   0.198067E+08   0.198056E+08   0.550285E+07   0.525463E+07   0.000000E+00   0.198065E+08   0.198065E+08   0.198083E+08  -0.468769E+00   0.103411E+08   0.103408E+08   0.188870E+03
   0.617794E-03   0.197906E+08   0.197894E+08   0.392804E+07   0.370586E+07   0.000000E+00   0.197904E+08   0.197904E+08   0.197917E+08  -0.468354E+00   0.103326E+08   0.103322E+08   0.192584E+03
   0.682458E-03   0.197717E+08   0.197704E+08   0.269257E+07   0.251083E+07   0.000000E+00   0.197715E+08   0.197715E+08   0.197724E+08  -0.467872E+00   0.103225E+08   0.103221E+08   0.193746E+03
   0.753891E-03   0.197495E+08   0.197480E+08   0.184614E+07   0.171564E+07   0.000000E+00   0.197493E+08   0.197493E+08   0.197499E+08  -0.467318E+00   0.103107E+08   0.103103E+08   0.192088E+03
   0.832801E-03   0.197235E+08   0.197218E+08   0.136275E+07   0.128679E+07   0.000000E+00   0.197232E+08   0.197232E+08   0.197237E+08  -0.466680E+00   0.102970E+08   0.102965E+08   0.187527E+03
   0.919970E-03   0.196932E+08   0.196913E+08   0.113123E+07   0.110287E+07   0.000000E+00   0.196929E+08   0.196929E+08   0.196933E+08  -0.465946E+00   0.102809E+08   0.102805E+08   0.180206E+03
   0.101626E-02   0.196581E+08   0.196560E+08   0.987820E+06   0.990559E+06   0.000000E+00   0.196577E+08   0.196577E+08   0.196581E+08  -0.465103E+00   0.102624E+08   0.102619E+08   0.170480E+03
   0.112264E-02   0.196174E+08   0.196153E+08   0.796138E+06   0.809316E+06   0.000000E+00   0.196171E+08   0.196171E+08   0.196173E+08  -0.464132E+00   0.102410E+08   0.102405E+08   0.158848E+03
   0.124014E-02   0.195706E+08   0.195683E+08   0.534978E+06   0.542403E+06   0.000000E+00   0.195702E+08   0.195702E+08   0.195704E+08  -0.463017E+00   0.102165E+08   0.102159E+08   0.145876E+03
   0.136995E-02   0.195168E+08   0.195145E+08   0.307603E+06   0.303730E+06   0.000000E+00   0.195164E+08   0.195164E+08   0.195165E+08  -0.461737E+00   0.101883E+08   0.101877E+08   0.132152E+03
   0.151334E-02   0.194551E+08   0.194528E+08   0.216648E+06   0.205055E+06   0.000000E+00   0.194547E+08   0.194547E+08   0.194548E+08  -0.460272E+00   0.101560E+08   0.101554E+08   0.118326E+03
   0.167174E-02   0.193847E+08   0.193823E+08   0.213521E+06  -0.177756E+06   0.000000E+00   0.193843E+08   0.193843E+08   0.193843E+08  -0.458600E+00   0.101192E+08   0.101186E+08   0.105122E+03
   0.184672E-02   0.193044E+08   0.193021E+08   0.159590E+06  -0.145049E+06   0.000000E+00   0.193041E+08   0.193041E+08   0.193041E+08  -0.456700E+00   0.100772E+08   0.100767E+08   0.932206E+02
   0.204002E-02   0.192134E+08   0.192110E+08   0.660937E+05  -0.118292E+06   0.000000E+00   0.192130E+08   0.192130E+08   0.192130E+08  -0.454543E+00   0.100296E+08   0.100291E+08   0.830161E+02
   0.225355E-02   0.191102E+08   0.191078E+08   0.505140E+05  -0.964094E+05   0.000000E+00   0.191099E+08   0.191099E+08   0.191099E+08  -0.452101E+00   0.997574E+07   0.997523E+07   0.745220E+02
   0.248943E-02   0.189939E+08   0.189913E+08   0.497942E+05  -0.785192E+05   0.000000E+00   0.189935E+08   0.189935E+08   0.189935E+08  -0.449346E+00   0.991494E+07   0.991443E+07   0.674701E+02
   0.275000E-02   0.188630E+08   0.188603E+08   0.157089E+05  -0.638976E+05   0.000000E+00   0.188625E+08   0.188625E+08   0.188625E+08  -0.446247E+00   0.984655E+07   0.984605E+07   0.613628E+02
   0.303784E-02   0.187162E+08   0.187133E+08   0.235253E+05  -0.519528E+05   0.000000E+00   0.187157E+08   0.187157E+08   0.187157E+08  -0.442773E+00   0.976990E+07   0.976939E+07   0.556607E+02
   0.335581E-02   0.185522E+08   0.185492E+08   0.153165E+04  -0.421994E+05   0.000000E+00   0.185517E+08   0.185517E+08   0.185517E+08  -0.438893E+00   0.968426E+07   0.968375E+07   0.501405E+02
   0.370706E-02   0.183696E+08   0.183664E+08   0.431612E+04  -0.342399E+05   0.000000E+00   0.183691E+08   0.183691E+08   0.183691E+08  -0.434571E+00   0.958890E+07   0.958841E+07   0.449350E+02
   0.409508E-02   0.181670E+08   0.181635E+08  -0.653064E+04  -0.277485E+05   0.000000E+00   0.181664E+08   0.181664E+08   0.181664E+08  -0.429777E+00   0.948311E+07   0.948261E+07   0.403532E+02
   0.452372E-02   0.179430E+08   0.179391E+08  -0.309754E+04  -0.224583E+05   0.000000E+00   0.179424E+08   0.179424E+08   0.179424E+08  -0.424475E+00   0.936613E+07   0.936563E+07   0.364372E+02
   0.499721E-02   0.176962E+08   0.176919E+08   0.487439E+03  -0.181505E+05   0.000000E+00   0.176955E+08   0.176955E+08   0.176955E+08  -0.418635E+00   0.923725E+07   0.923675E+07   0.329047E+02
   0.552027E-02   0.174252E+08   0.174205E+08  -0.233244E+04  -0.146459E+05   0.000000E+00   0.174245E+08   0.174245E+08   0.174245E+08  -0.412223E+00   0.909576E+07   0.909527E+07   0.295857E+02
   0.609808E-02   0.171288E+08   0.171235E+08  -0.433574E+04  -0.117976E+05   0.000000E+00   0.171280E+08   0.171280E+08   0.171280E+08  -0.405208E+00   0.894098E+07   0.894050E+07   0.266319E+02
   0.673636E-02   0.168057E+08   0.167996E+08  -0.389515E+04  -0.948527E+04   0.000000E+00   0.168048E+08   0.168048E+08   0.168048E+08  -0.397561E+00   0.877225E+07   0.877177E+07   0.240599E+02
   0.744146E-02   0.164547E+08   0.164478E+08  -0.385781E+04  -0.761046E+04   0.000000E+00   0.164536E+08   0.164536E+08   0.164536E+08  -0.389254E+00   0.858894E+07   0.858846E+07   0.217016E+02
   0.822036E-02   0.160746E+08   0.160667E+08  -0.199679E+04  -0.609242E+04   0.000000E+00   0.160734E+08   0.160734E+08   0.160734E+08  -0.380258E+00   0.839046E+07   0.838998E+07   0.196191E+02
   0.908078E-02   0.156644E+08   0.156553E+08  -0.153337E+04  -0.486510E+04   0.000000E+00   0.156630E+08   0.156630E+08   0.156630E+08  -0.370549E+00   0.817623E+07   0.817575E+07   0.177616E+02
   0.100313E-01   0.152231E+08   0.152125E+08  -0.232945E+04  -0.387443E+04   0.000000E+00   0.152215E+08   0.152215E+08   0.152215E+08  -0.360104E+00   0.794575E+07   0.794527E+07   0.161066E+02
   0.110812E-01   0.147498E+08   0.147375E+08  -0.107402E+04  -0.307620E+04   0.000000E+00   0.147479E+08   0.147479E+08   0.147479E+08  -0.348900E+00   0.769853E+07   0.769804E+07   0.146536E+02
   0.122411E-01   0.142437E+08   0.142294E+08  -0.130898E+04  -0.243430E+04   0.000000E+00   0.142414E+08   0.142414E+08   0.142414E+08  -0.336918E+00   0.743415E+07   0.743366E+07   0.133561E+02
   0.135224E-01   0.137041E+08   0.136875E+08  -0.937454E+03  -0.191921E+04   0.000000E+00   0.137014E+08   0.137014E+08   0.137014E+08  -0.324143E+00   0.715228E+07   0.715179E+07   0.122147E+02
   0.149378E-01   0.131306E+08   0.131115E+08  -0.836576E+03  -0.150688E+04   0.000000E+00   0.131276E+08   0.131276E+08   0.131276E+08  -0.310568E+00   0.685274E+07   0.685224E+07   0.112027E+02
   0.165013E-01   0.125234E+08   0.125014E+08  -0.715838E+03  -0.117770E+04   0.000000E+00   0.125200E+08   0.125200E+08   0.125200E+08  -0.296192E+00   0.653555E+07   0.653504E+07   0.103036E+02
   0.182285E-01   0.118832E+08   0.118580E+08  -0.526055E+03  -0.915708E+03   0.000000E+00   0.118792E+08   0.118792E+08   0.118792E+08  -0.281034E+00   0.620109E+07   0.620057E+07   0.949837E+01
   0.201365E-01   0.112117E+08   0.111830E+08  -0.516840E+03  -0.707950E+03   0.000000E+00   0.112072E+08   0.112072E+08   0.112072E+08  -0.265135E+00   0.585027E+07   0.584974E+07   0.876340E+01
   0.222442E-01   0.105120E+08   0.104797E+08  -0.427553E+03  -0.543904E+03   0.000000E+00   0.105069E+08   0.105069E+08   0.105069E+08  -0.248569E+00   0.548474E+07   0.548420E+07   0.807996E+01
   0.245725E-01   0.978943E+07   0.975345E+07  -0.296900E+03  -0.415041E+03   0.000000E+00   0.978374E+07   0.978374E+07   0.978374E+07  -0.231460E+00   0.510724E+07   0.510669E+07   0.742523E+01
   0.271445E-01   0.905166E+07   0.901233E+07  -0.242614E+03  -0.314454E+03   0.000000E+00   0.904544E+07   0.904544E+07   0.904544E+07  -0.213994E+00   0.472184E+07   0.472129E+07   0.677917E+01
   0.299857E-01   0.830971E+07   0.826760E+07  -0.181553E+03  -0.236541E+03   0.000000E+00   0.830305E+07   0.830305E+07   0.830305E+07  -0.196430E+00   0.433431E+07   0.433376E+07   0.612192E+01
   0.331243E-01   0.757799E+07   0.753405E+07  -0.135654E+03  -0.176752E+03   0.000000E+00   0.757104E+07   0.757104E+07   0.757104E+07  -0.179113E+00   0.395220E+07   0.395166E+07   0.543815E+01
   0.365914E-01   0.687392E+07   0.682955E+07  -0.113296E+03  -0.131374E+03   0.000000E+00   0.686690E+07   0.686690E+07   0.686690E+07  -0.162454E+00   0.358463E+07   0.358411E+07   0.471998E+01
   0.404215E-01   0.621653E+07   0.617353E+07  -0.787688E+02  -0.973549E+02   0.000000E+00   0.620973E+07   0.620973E+07   0.620973E+07  -0.146907E+00   0.324158E+07   0.324110E+07   0.397063E+01
   0.446524E-01   0.562075E+07   0.558113E+07  -0.708175E+02  -0.721321E+02   0.000000E+00   0.561448E+07   0.561448E+07   0.561448E+07  -0.132825E+00   0.293085E+07   0.293042E+07   0.320751E+01
   0.491176E-01   0.512627E+07   0.509171E+07  -0.533800E+02  -0.543709E+02   0.000000E+00   0.512081E+07   0.512081E+07   0.512081E+07  -0.121146E+00   0.267314E+07   0.267277E+07   0.249648E+01
   0.535829E-01   0.473772E+07   0.470893E+07  -0.414577E+02  -0.422274E+02   0.000000E+00   0.473317E+07   0.473317E+07   0.473317E+07  -0.111975E+00   0.247078E+07   0.247047E+07   0.190013E+01
   0.580481E-01   0.442468E+07   0.440154E+07  -0.329945E+02  -0.336070E+02   0.000000E+00   0.442102E+07   0.442102E+07   0.442102E+07  -0.104591E+00   0.230783E+07   0.230758E+07   0.142859E+01
   0.625134E-01   0.415833E+07   0.414006E+07  -0.267398E+02  -0.272362E+02   0.000000E+00   0.415544E+07   0.415544E+07   0.415544E+07  -0.983079E-01   0.216919E+07   0.216899E+07   0.108067E+01
   0.669786E-01   0.391928E+07   0.390464E+07  -0.219562E+02  -0.223638E+02   0.000000E+00   0.391696E+07   0.391696E+07   0.391696E+07  -0.926660E-01   0.204470E+07   0.204453E+07   0.845606E+00
   0.714438E-01   0.369344E+07   0.368102E+07  -0.181864E+02  -0.185241E+02   0.000000E+00   0.369148E+07   0.369148E+07   0.369148E+07  -0.873316E-01   0.192699E+07   0.192684E+07   0.704583E+00
   0.759091E-01   0.347147E+07   0.345990E+07  -0.151417E+02  -0.154228E+02   0.000000E+00   0.346964E+07   0.346964E+07   0.346964E+07  -0.820833E-01   0.181119E+07   0.181104E+07   0.633896E+00
   0.803743E-01   0.324985E+07   0.323806E+07  -0.126433E+02  -0.128781E+02   0.000000E+00   0.324798E+07   0.324798E+07   0.324798E+07  -0.768396E-01   0.169548E+07   0.169534E+07   0.608627E+00
   0.848395E-01   0.303116E+07   0.301847E+07  -0.105831E+02  -0.107796E+02   0.000000E+00   0.302915E+07   0.302915E+07   0.302915E+07  -0.716624E-01   0.158125E+07   0.158110E+07   0.605972E+00
   0.893048E-01   0.282141E+07   0.280757E+07  -0.888948E+01  -0.905451E+01   0.000000E+00   0.281922E+07   0.281922E+07   0.281922E+07  -0.666960E-01   0.147167E+07   0.147151E+07   0.607557E+00
   0.937700E-01   0.262708E+07   0.261225E+07  -0.750694E+01  -0.764630E+01   0.000000E+00   0.262474E+07   0.262474E+07   0.262474E+07  -0.620950E-01   0.137015E+07   0.136998E+07   0.600673E+00
   0.993124E-01   0.241493E+07   0.239951E+07  -0.615138E+01  -0.626557E+01   0.000000E+00   0.241249E+07   0.241249E+07   0.241249E+07  -0.570738E-01   0.125936E+07   0.125919E+07   0.570666E+00
   0.104855E+00   0.223997E+07   0.222492E+07  -0.511822E+01  -0.521323E+01   0.000000E+00   0.223759E+07   0.223759E+07   0.223759E+07  -0.529359E-01   0.116805E+07   0.116789E+07   0.515830E+00
   0.110397E+00   0.210206E+07   0.208829E+07  -0.433304E+01  -0.441348E+01   0.000000E+00   0.209988E+07   0.209988E+07   0.209988E+07  -0.496782E-01   0.109617E+07   0.109602E+07   0.443540E+00
   0.115939E+00   0.199501E+07   0.198310E+07  -0.372888E+01  -0.379810E+01   0.000000E+00   0.199313E+07   0.199313E+07   0.199313E+07  -0.471527E-01   0.104044E+07   0.104031E+07   0.365600E+00
   0.121482E+00   0.190834E+07   0.189847E+07  -0.324918E+01  -0.330950E+01   0.000000E+00   0.190678E+07   0.190678E+07   0.190678E+07  -0.451098E-01   0.995362E+06   0.995255E+06   0.293811E+00
   0.127024E+00   0.183084E+07   0.182277E+07  -0.285143E+01  -0.290437E+01   0.000000E+00   0.182956E+07   0.182956E+07   0.182956E+07  -0.432831E-01   0.955054E+06   0.954963E+06   0.236805E+00
   0.132566E+00   0.175393E+07   0.174711E+07  -0.250819E+01  -0.255476E+01   0.000000E+00   0.175285E+07   0.175285E+07   0.175285E+07  -0.414683E-01   0.915009E+06   0.914930E+06   0.198521E+00
   0.138109E+00   0.167318E+07   0.166696E+07  -0.220458E+01  -0.224551E+01   0.000000E+00   0.167220E+07   0.167220E+07   0.167220E+07  -0.395602E-01   0.872906E+06   0.872832E+06   0.178198E+00
   0.143651E+00   0.158786E+07   0.158165E+07  -0.193379E+01  -0.196969E+01   0.000000E+00   0.158687E+07   0.158687E+07   0.158687E+07  -0.375417E-01   0.828366E+06   0.828292E+06   0.171503E+00
   0.149193E+00   0.149978E+07   0.149320E+07  -0.169324E+01  -0.172467E+01   0.000000E+00   0.149874E+07   0.149874E+07   0.149874E+07  -0.354567E-01   0.782361E+06   0.782284E+06   0.172304E+00
   0.154736E+00   0.141277E+07   0.140568E+07  -0.148267E+01  -0.151019E+01   0.000000E+00   0.141165E+07   0.141165E+07   0.141165E+07  -0.333963E-01   0.736901E+06   0.736820E+06   0.174547E+00
   0.160278E+00   0.133181E+07   0.132432E+07  -0.130260E+01  -0.132679E+01   0.000000E+00   0.133063E+07   0.133063E+07   0.133063E+07  -0.314795E-01   0.694606E+06   0.694522E+06   0.173684E+00
   0.165820E+00   0.126108E+07   0.125347E+07  -0.115229E+01  -0.117368E+01   0.000000E+00   0.125988E+07   0.125988E+07   0.125988E+07  -0.298057E-01   0.657673E+06   0.657590E+06   0.167366E+00
   0.171363E+00   0.120213E+07   0.119475E+07  -0.102850E+01  -0.104760E+01   0.000000E+00   0.120096E+07   0.120096E+07   0.120096E+07  -0.284120E-01   0.626921E+06   0.626841E+06   0.155456E+00
   0.176905E+00   0.115397E+07   0.114711E+07  -0.926429E+00  -0.943627E+00   0.000000E+00   0.115289E+07   0.115289E+07   0.115289E+07  -0.272746E-01   0.601823E+06   0.601749E+06   0.139533E+00
   0.182447E+00   0.111426E+07   0.110810E+07  -0.841070E+00  -0.856684E+00   0.000000E+00   0.111329E+07   0.111329E+07   0.111329E+07  -0.263377E-01   0.581150E+06   0.581083E+06   0.122106E+00
   0.187990E+00   0.107997E+07   0.107455E+07  -0.767880E+00  -0.782136E+00   0.000000E+00   0.107911E+07   0.107911E+07   0.107911E+07  -0.255292E-01   0.563310E+06   0.563251E+06   0.105746E+00
   0.193532E+00   0.104768E+07   0.104290E+07  -0.702910E+00  -0.715960E+00   0.000000E+00   0.104693E+07   0.104693E+07   0.104693E+07  -0.247678E-01   0.546508E+06   0.546454E+06   0.923980E-01
   0.199074E+00   0.101453E+07   0.101019E+07  -0.643322E+00  -0.655266E+00   0.000000E+00   0.101385E+07   0.101385E+07   0.101385E+07  -0.239852E-01   0.529240E+06   0.529190E+06   0.830150E-01
   0.204617E+00   0.979206E+06   0.975085E+06  -0.587745E+00  -0.598657E+00   0.000000E+00   0.978554E+06   0.978554E+06   0.978554E+06  -0.231503E-01   0.510816E+06   0.510769E+06   0.775312E-01
   0.210159E+00   0.941892E+06   0.937794E+06  -0.535914E+00  -0.545863E+00   0.000000E+00   0.941244E+06   0.941244E+06   0.941244E+06  -0.222676E-01   0.491340E+06   0.491293E+06   0.750695E-01
   0.215701E+00   0.903629E+06   0.899427E+06  -0.488042E+00  -0.497102E+00   0.000000E+00   0.902964E+06   0.902964E+06   0.902964E+06  -0.213620E-01   0.471358E+06   0.471310E+06   0.743066E-01
   0.221244E+00   0.865911E+06   0.861566E+06  -0.444511E+00  -0.452764E+00   0.000000E+00   0.865223E+06   0.865223E+06   0.865223E+06  -0.204691E-01   0.451658E+06   0.451609E+06   0.738835E-01
   0.226786E+00   0.830430E+06   0.825984E+06  -0.405698E+00  -0.413229E+00   0.000000E+00   0.829727E+06   0.829727E+06   0.829727E+06  -0.196294E-01   0.433128E+06   0.433079E+06   0.727409E-01
   0.232328E+00   0.798520E+06   0.794070E+06  -0.371707E+00  -0.378608E+00   0.000000E+00   0.797817E+06   0.797817E+06   0.797817E+06  -0.188744E-01   0.416471E+06   0.416422E+06   0.703030E-01
   0.237870E+00   0.770703E+06   0.766365E+06  -0.342232E+00  -0.348586E+00   0.000000E+00   0.770017E+06   0.770017E+06   0.770017E+06  -0.182168E-01   0.401959E+06   0.401912E+06   0.665056E-01
   0.243413E+00   0.746754E+06   0.742630E+06  -0.316673E+00  -0.322552E+00   0.000000E+00   0.746101E+06   0.746101E+06   0.746101E+06  -0.176510E-01   0.389475E+06   0.389430E+06   0.617023E-01
   0.248955E+00   0.725950E+06   0.722104E+06  -0.294305E+00  -0.299769E+00   0.000000E+00   0.725342E+06   0.725342E+06   0.725342E+06  -0.171599E-01   0.378638E+06   0.378596E+06   0.564881E-01
   0.254497E+00   0.707185E+06   0.703630E+06  -0.274356E+00  -0.279450E+00   0.000000E+00   0.706623E+06   0.706623E+06   0.706623E+06  -0.167170E-01   0.368866E+06   0.368827E+06   0.514943E-01
   0.260040E+00   0.689197E+06   0.685900E+06  -0.256110E+00  -0.260865E+00   0.000000E+00   0.688676E+06   0.688676E+06   0.688676E+06  -0.162924E-01   0.359497E+06   0.359460E+06   0.472202E-01
   0.265582E+00   0.671024E+06   0.667920E+06  -0.239063E+00  -0.243502E+00   0.000000E+00   0.670533E+06   0.670533E+06   0.670533E+06  -0.158632E-01   0.350026E+06   0.349991E+06   0.439370E-01
   0.271124E+00   0.652272E+06   0.649282E+06  -0.222980E+00  -0.227120E+00   0.000000E+00   0.651799E+06   0.651799E+06   0.651799E+06  -0.154200E-01   0.340247E+06   0.340213E+06   0.416664E-01
   0.276667E+00   0.632984E+06   0.630042E+06  -0.207802E+00  -0.211660E+00   0.000000E+00   0.632519E+06   0.632519E+06   0.632519E+06  -0.149639E-01   0.330182E+06   0.330149E+06   0.402181E-01
   0.282209E+00   0.613453E+06   0.610511E+06  -0.193554E+00  -0.197148E+00   0.000000E+00   0.612988E+06   0.612988E+06   0.612988E+06  -0.145018E-01   0.319987E+06   0.319954E+06   0.392735E-01
   0.287751E+00   0.594173E+06   0.591214E+06  -0.180315E+00  -0.183662E+00   0.000000E+00   0.593705E+06   0.593705E+06   0.593705E+06  -0.140456E-01   0.309922E+06   0.309888E+06   0.384884E-01
   0.293294E+00   0.575757E+06   0.572790E+06  -0.168181E+00  -0.171303E+00   0.000000E+00   0.575288E+06   0.575288E+06   0.575288E+06  -0.136099E-01   0.300308E+06   0.300275E+06   0.375804E-01
   0.298836E+00   0.558696E+06   0.555752E+06  -0.157197E+00  -0.160116E+00   0.000000E+00   0.558230E+06   0.558230E+06   0.558230E+06  -0.132064E-01   0.291403E+06   0.291371E+06   0.363802E-01
   0.304378E+00   0.543189E+06   0.540307E+06  -0.147318E+00  -0.150053E+00   0.000000E+00   0.542733E+06   0.542733E+06   0.542733E+06  -0.128398E-01   0.283314E+06   0.283282E+06   0.348471E-01
   0.309921E+00   0.529175E+06   0.526389E+06  -0.138431E+00  -0.141001E+00   0.000000E+00   0.528735E+06   0.528735E+06   0.528735E+06  -0.125086E-01   0.276006E+06   0.275976E+06   0.330529E-01
   0.315463E+00   0.516422E+06   0.513755E+06  -0.130391E+00  -0.132812E+00   0.000000E+00   0.516000E+06   0.516000E+06   0.516000E+06  -0.122073E-01   0.269359E+06   0.269329E+06   0.311407E-01
   0.321005E+00   0.504568E+06   0.502026E+06  -0.123039E+00  -0.125323E+00   0.000000E+00   0.504166E+06   0.504166E+06   0.504166E+06  -0.119274E-01   0.263181E+06   0.263153E+06   0.292741E-01
   0.326548E+00   0.493199E+06   0.490774E+06  -0.116221E+00  -0.118379E+00   0.000000E+00   0.492815E+06   0.492815E+06   0.492815E+06  -0.116588E-01   0.257256E+06   0.257229E+06   0.275914E-01
   0.332090E+00   0.481976E+06   0.479646E+06  -0.109818E+00  -0.111857E+00   0.000000E+00   0.481608E+06   0.481608E+06   0.481608E+06  -0.113937E-01   0.251405E+06   0.251379E+06   0.261772E-01
   0.337632E+00   0.470717E+06   0.468457E+06  -0.103761E+00  -0.105687E+00   0.000000E+00   0.470360E+06   0.470360E+06   0.470360E+06  -0.111276E-01   0.245534E+06   0.245508E+06   0.250515E-01
   0.343175E+00   0.459386E+06   0.457170E+06  -0.980186E-01  -0.998383E-01   0.000000E+00   0.459035E+06   0.459035E+06   0.459035E+06  -0.108597E-01   0.239622E+06   0.239597E+06   0.241757E-01
   0.348717E+00   0.448064E+06   0.445875E+06  -0.925873E-01  -0.943061E-01   0.000000E+00   0.447718E+06   0.447718E+06   0.447718E+06  -0.105919E-01   0.233714E+06   0.233690E+06   0.234722E-01
   0.354259E+00   0.436927E+06   0.434757E+06  -0.874822E-01  -0.891063E-01   0.000000E+00   0.436584E+06   0.436584E+06   0.436584E+06  -0.103285E-01   0.227902E+06   0.227878E+06   0.228502E-01
   0.359802E+00   0.426179E+06   0.424027E+06  -0.827207E-01  -0.842564E-01   0.000000E+00   0.425839E+06   0.425839E+06   0.425839E+06  -0.100743E-01   0.222293E+06   0.222269E+06   0.222295E-01
   0.365344E+00   0.415966E+06   0.413842E+06  -0.783068E-01  -0.797605E-01   0.000000E+00   0.415630E+06   0.415630E+06   0.415630E+06  -0.983282E-02   0.216964E+06   0.216941E+06   0.215555E-01
   0.370886E+00   0.406361E+06   0.404275E+06  -0.742291E-01  -0.756071E-01   0.000000E+00   0.406031E+06   0.406031E+06   0.406031E+06  -0.960573E-02   0.211954E+06   0.211930E+06   0.208073E-01
   0.376429E+00   0.397376E+06   0.395340E+06  -0.704662E-01  -0.717744E-01   0.000000E+00   0.397054E+06   0.397054E+06   0.397054E+06  -0.939336E-02   0.207267E+06   0.207245E+06   0.199955E-01
   0.381971E+00   0.388963E+06   0.386984E+06  -0.669874E-01  -0.682310E-01   0.000000E+00   0.388650E+06   0.388650E+06   0.388650E+06  -0.919452E-02   0.202880E+06   0.202858E+06   0.191535E-01
   0.387513E+00   0.380998E+06   0.379081E+06  -0.637527E-01  -0.649363E-01   0.000000E+00   0.380695E+06   0.380695E+06   0.380695E+06  -0.900633E-02   0.198727E+06   0.198706E+06   0.183234E-01
   0.393056E+00   0.373330E+06   0.371473E+06  -0.607208E-01  -0.618481E-01   0.000000E+00   0.373036E+06   0.373036E+06   0.373036E+06  -0.882515E-02   0.194730E+06   0.194709E+06   0.175441E-01
   0.398598E+00   0.365840E+06   0.364035E+06  -0.578597E-01  -0.589338E-01   0.000000E+00   0.365555E+06   0.365555E+06   0.365555E+06  -0.864815E-02   0.190824E+06   0.190804E+06   0.168426E-01
   0.404140E+00   0.358461E+06   0.356700E+06  -0.551485E-01  -0.561723E-01   0.000000E+00   0.358182E+06   0.358182E+06   0.358182E+06  -0.847374E-02   0.186976E+06   0.186956E+06   0.162298E-01
   0.409683E+00   0.351161E+06   0.349436E+06  -0.525736E-01  -0.535496E-01   0.000000E+00   0.350888E+06   0.350888E+06   0.350888E+06  -0.830118E-02   0.183168E+06   0.183149E+06   0.156996E-01
   0.415225E+00   0.343945E+06   0.342247E+06  -0.501276E-01  -0.510582E-01   0.000000E+00   0.343677E+06   0.343677E+06   0.343677E+06  -0.813057E-02   0.179403E+06   0.179385E+06   0.152336E-01
   0.420767E+00   0.336857E+06   0.335183E+06  -0.478096E-01  -0.486972E-01   0.000000E+00   0.336593E+06   0.336593E+06   0.336593E+06  -0.796298E-02   0.175706E+06   0.175687E+06   0.148078E-01
   0.426310E+00   0.329964E+06   0.328312E+06  -0.456212E-01  -0.464682E-01   0.000000E+00   0.329703E+06   0.329703E+06   0.329703E+06  -0.779998E-02   0.172109E+06   0.172090E+06   0.143988E-01
   0.431852E+00   0.323316E+06   0.321688E+06  -0.435618E-01  -0.443705E-01   0.000000E+00   0.323058E+06   0.323058E+06   0.323058E+06  -0.764278E-02   0.168640E+06   0.168622E+06   0.139890E-01
   0.437394E+00   0.316940E+06   0.315339E+06  -0.416273E-01  -0.424001E-01   0.000000E+00   0.316686E+06   0.316686E+06   0.316686E+06  -0.749205E-02   0.165314E+06   0.165297E+06   0.135688E-01
   0.442937E+00   0.310846E+06   0.309276E+06  -0.398117E-01  -0.405508E-01   0.000000E+00   0.310598E+06   0.310598E+06   0.310598E+06  -0.734801E-02   0.162136E+06   0.162119E+06   0.131378E-01
   0.448479E+00   0.305026E+06   0.303489E+06  -0.381068E-01  -0.388142E-01   0.000000E+00   0.304783E+06   0.304783E+06   0.304783E+06  -0.721044E-02   0.159101E+06   0.159084E+06   0.127026E-01
   0.454021E+00   0.299442E+06   0.297940E+06  -0.365015E-01  -0.371792E-01   0.000000E+00   0.299205E+06   0.299205E+06   0.299205E+06  -0.707847E-02   0.156189E+06   0.156172E+06   0.122735E-01
   0.459563E+00   0.294045E+06   0.292576E+06  -0.349844E-01  -0.356339E-01   0.000000E+00   0.293813E+06   0.293813E+06   0.293813E+06  -0.695091E-02   0.153374E+06   0.153358E+06   0.118613E-01
   0.465106E+00   0.288794E+06   0.287358E+06  -0.335458E-01  -0.341685E-01   0.000000E+00   0.288567E+06   0.288567E+06   0.288567E+06  -0.682681E-02   0.150636E+06   0.150620E+06   0.114743E-01
   0.470648E+00   0.283661E+06   0.282254E+06  -0.321781E-01  -0.327755E-01   0.000000E+00   0.283439E+06   0.283439E+06   0.283439E+06  -0.670548E-02   0.147958E+06   0.147943E+06   0.111172E-01
   0.476190E+00   0.278623E+06   0.277241E+06  -0.308751E-01  -0.314483E-01   0.000000E+00   0.278404E+06   0.278404E+06   0.278404E+06  -0.658638E-02   0.145331E+06   0.145315E+06   0.107897E-01
   0.481733E+00   0.273671E+06   0.272312E+06  -0.296326E-01  -0.301827E-01   0.000000E+00   0.273456E+06   0.273456E+06   0.273456E+06  -0.646932E-02   0.142748E+06   0.142732E+06   0.104878E-01
   0.487275E+00   0.268818E+06   0.267480E+06  -0.284486E-01  -0.289768E-01   0.000000E+00   0.268606E+06   0.268606E+06   0.268606E+06  -0.635458E-02   0.140216E+06   0.140201E+06   0.102055E-01
   0.492817E+00   0.264084E+06   0.262766E+06  -0.273225E-01  -0.278298E-01   0.000000E+00   0.263875E+06   0.263875E+06   0.263875E+06  -0.624265E-02   0.137746E+06   0.137731E+06   0.993602E-02
   0.498360E+00   0.259481E+06   0.258183E+06  -0.262525E-01  -0.267398E-01   0.000000E+00   0.259276E+06   0.259276E+06   0.259276E+06  -0.613384E-02   0.135345E+06   0.135331E+06   0.967365E-02
   0.503902E+00   0.255015E+06   0.253736E+06  -0.252361E-01  -0.257046E-01   0.000000E+00   0.254812E+06   0.254812E+06   0.254812E+06  -0.602825E-02   0.133015E+06   0.133001E+06   0.941445E-02
   0.509444E+00   0.250692E+06   0.249435E+06  -0.242715E-01  -0.247221E-01   0.000000E+00   0.250493E+06   0.250493E+06   0.250493E+06  -0.592608E-02   0.130761E+06   0.130747E+06   0.915708E-02
   0.514987E+00   0.246517E+06   0.245281E+06  -0.233563E-01  -0.237899E-01   0.000000E+00   0.246321E+06   0.246321E+06   0.246321E+06  -0.582738E-02   0.128583E+06   0.128569E+06   0.890237E-02
   0.520529E+00   0.242476E+06   0.241262E+06  -0.224869E-01  -0.229044E-01   0.000000E+00   0.242284E+06   0.242284E+06   0.242284E+06  -0.573186E-02   0.126475E+06   0.126462E+06   0.865246E-02
   0.526071E+00   0.238550E+06   0.237358E+06  -0.216591E-01  -0.220612E-01   0.000000E+00   0.238361E+06   0.238361E+06   0.238361E+06  -0.563906E-02   0.124428E+06   0.124414E+06   0.840996E-02
   0.531614E+00   0.234725E+06   0.233554E+06  -0.208698E-01  -0.212572E-01   0.000000E+00   0.234540E+06   0.234540E+06   0.234540E+06  -0.554865E-02   0.122433E+06   0.122420E+06   0.817736E-02
   0.537156E+00   0.230993E+06   0.229842E+06  -0.201164E-01  -0.204898E-01   0.000000E+00   0.230811E+06   0.230811E+06   0.230811E+06  -0.546043E-02   0.120486E+06   0.120473E+06   0.795632E-02
   0.542698E+00   0.227342E+06   0.226210E+06  -0.193961E-01  -0.197562E-01   0.000000E+00   0.227163E+06   0.227163E+06   0.227163E+06  -0.537413E-02   0.118582E+06   0.118569E+06   0.774720E-02
   0.548241E+00   0.223763E+06   0.222648E+06  -0.187067E-01  -0.190540E-01   0.000000E+00   0.223586E+06   0.223586E+06   0.223586E+06  -0.528952E-02   0.116715E+06   0.116702E+06   0.754923E-02
   0.553783E+00   0.220257E+06   0.219159E+06  -0.180469E-01  -0.183819E-01   0.000000E+00   0.220083E+06   0.220083E+06   0.220083E+06  -0.520664E-02   0.114886E+06   0.114874E+06   0.736093E-02
   0.559325E+00   0.216831E+06   0.215749E+06  -0.174158E-01  -0.177391E-01   0.000000E+00   0.216660E+06   0.216660E+06   0.216660E+06  -0.512565E-02   0.113099E+06   0.113087E+06   0.718049E-02
   0.564868E+00   0.213486E+06   0.212421E+06  -0.168123E-01  -0.171245E-01   0.000000E+00   0.213318E+06   0.213318E+06   0.213318E+06  -0.504659E-02   0.111355E+06   0.111343E+06   0.700603E-02
   0.570410E+00   0.210222E+06   0.209172E+06  -0.162351E-01  -0.165365E-01   0.000000E+00   0.210056E+06   0.210056E+06   0.210056E+06  -0.496943E-02   0.109652E+06   0.109640E+06   0.683606E-02
   0.575952E+00   0.207042E+06   0.206007E+06  -0.156833E-01  -0.159744E-01   0.000000E+00   0.206878E+06   0.206878E+06   0.206878E+06  -0.489424E-02   0.107993E+06   0.107982E+06   0.666979E-02
   0.581495E+00   0.203948E+06   0.202928E+06  -0.151558E-01  -0.154372E-01   0.000000E+00   0.203787E+06   0.203787E+06   0.203787E+06  -0.482111E-02   0.106379E+06   0.106368E+06   0.650705E-02
   0.587037E+00   0.200935E+06   0.199931E+06  -0.146513E-01  -0.149233E-01   0.000000E+00   0.200776E+06   0.200776E+06   0.200776E+06  -0.474989E-02   0.104808E+06   0.104797E+06   0.634809E-02
   0.592579E+00   0.197995E+06   0.197006E+06  -0.141681E-01  -0.144312E-01   0.000000E+00   0.197838E+06   0.197838E+06   0.197838E+06  -0.468039E-02   0.103274E+06   0.103263E+06   0.619340E-02
   0.598122E+00   0.195125E+06   0.194151E+06  -0.137052E-01  -0.139596E-01   0.000000E+00   0.194971E+06   0.194971E+06   0.194971E+06  -0.461254E-02   0.101777E+06   0.101766E+06   0.604362E-02
   0.603664E+00   0.192322E+06   0.191363E+06  -0.132614E-01  -0.135076E-01   0.000000E+00   0.192170E+06   0.192170E+06   0.192170E+06  -0.454629E-02   0.100315E+06   0.100305E+06   0.589926E-02
   0.609206E+00   0.189579E+06   0.188634E+06  -0.128355E-01  -0.130738E-01   0.000000E+00   0.189430E+06   0.189430E+06   0.189430E+06  -0.448146E-02   0.988848E+05   0.988743E+05   0.576046E-02
   0.614749E+00   0.186891E+06   0.185959E+06  -0.124264E-01  -0.126571E-01   0.000000E+00   0.186744E+06   0.186744E+06   0.186744E+06  -0.441791E-02   0.974826E+05   0.974722E+05   0.562708E-02
   0.620291E+00   0.184258E+06   0.183339E+06  -0.120334E-01  -0.122567E-01   0.000000E+00   0.184112E+06   0.184112E+06   0.184112E+06  -0.435566E-02   0.961090E+05   0.960988E+05   0.549878E-02
   0.625833E+00   0.181682E+06   0.180776E+06  -0.116559E-01  -0.118723E-01   0.000000E+00   0.181538E+06   0.181538E+06   0.181538E+06  -0.429476E-02   0.947653E+05   0.947552E+05   0.537509E-02
   0.676922E+00   0.160408E+06   0.159608E+06  -0.879632E-02  -0.895962E-02   0.000000E+00   0.160282E+06   0.160282E+06   0.160282E+06  -0.379188E-02   0.836691E+05   0.836602E+05   0.438672E-02
   0.732182E+00   0.141515E+06   0.140809E+06  -0.663310E-02  -0.675624E-02   0.000000E+00   0.141403E+06   0.141403E+06   0.141403E+06  -0.334526E-02   0.738143E+05   0.738064E+05   0.357779E-02
   0.791952E+00   0.124760E+06   0.124138E+06  -0.499840E-02  -0.509119E-02   0.000000E+00   0.124662E+06   0.124662E+06   0.124662E+06  -0.294921E-02   0.650751E+05   0.650682E+05   0.291510E-02
   0.856602E+00   0.109909E+06   0.109361E+06  -0.376379E-02  -0.383367E-02   0.000000E+00   0.109822E+06   0.109822E+06   0.109822E+06  -0.259813E-02   0.573285E+05   0.573224E+05   0.237338E-02
   0.926529E+00   0.967555E+05   0.962731E+05  -0.283210E-02  -0.288468E-02   0.000000E+00   0.966792E+05   0.966792E+05   0.966792E+05  -0.228720E-02   0.504677E+05   0.504624E+05   0.193098E-02
   0.100216E+01   0.851203E+05   0.846960E+05  -0.212964E-02  -0.216918E-02   0.000000E+00   0.850532E+05   0.850532E+05   0.850532E+05  -0.201215E-02   0.443988E+05   0.443941E+05   0.156999E-02
   0.108397E+01   0.748353E+05   0.744623E+05  -0.160037E-02  -0.163008E-02   0.000000E+00   0.747763E+05   0.747763E+05   0.747763E+05  -0.176903E-02   0.390342E+05   0.390300E+05   0.127565E-02
   0.117246E+01   0.657510E+05   0.654234E+05  -0.120186E-02  -0.122418E-02   0.000000E+00   0.656992E+05   0.656992E+05   0.656992E+05  -0.155429E-02   0.342958E+05   0.342922E+05   0.103580E-02
   0.126818E+01   0.577351E+05   0.574474E+05  -0.902054E-03  -0.918800E-03   0.000000E+00   0.576896E+05   0.576896E+05   0.576896E+05  -0.136480E-02   0.301147E+05   0.301115E+05   0.840520E-03
   0.137170E+01   0.506667E+05   0.504143E+05  -0.676636E-03  -0.689198E-03   0.000000E+00   0.506268E+05   0.506268E+05   0.506268E+05  -0.119771E-02   0.264278E+05   0.264250E+05   0.681636E-03
   0.148368E+01   0.444385E+05   0.442171E+05  -0.507261E-03  -0.516678E-03   0.000000E+00   0.444034E+05   0.444034E+05   0.444034E+05  -0.105048E-02   0.231792E+05   0.231767E+05   0.552445E-03
   0.160480E+01   0.389547E+05   0.387607E+05  -0.380078E-03  -0.387134E-03   0.000000E+00   0.389240E+05   0.389240E+05   0.389240E+05  -0.920849E-03   0.203188E+05   0.203167E+05   0.447472E-03
   0.173580E+01   0.341296E+05   0.339596E+05  -0.284632E-03  -0.289916E-03   0.000000E+00   0.341027E+05   0.341027E+05   0.341027E+05  -0.806789E-03   0.178020E+05   0.178002E+05   0.362230E-03
   0.187750E+01   0.298871E+05   0.297383E+05  -0.213047E-03  -0.217003E-03   0.000000E+00   0.298636E+05   0.298636E+05   0.298636E+05  -0.706501E-03   0.155892E+05   0.155875E+05   0.293055E-03
   0.201595E+01   0.264869E+05   0.263550E+05  -0.163766E-03  -0.166806E-03   0.000000E+00   0.264661E+05   0.264661E+05   0.264661E+05  -0.626124E-03   0.138156E+05   0.138142E+05   0.241701E-03
   0.251103E+01   0.182005E+05   0.181099E+05  -0.725322E-04  -0.738787E-04   0.000000E+00   0.181862E+05   0.181862E+05   0.181862E+05  -0.430242E-03   0.949342E+04   0.949242E+04   0.132954E-03
   0.312770E+01   0.124641E+05   0.124021E+05  -0.320157E-04  -0.326101E-04   0.000000E+00   0.124543E+05   0.124543E+05   0.124543E+05  -0.294640E-03   0.650131E+04   0.650063E+04   0.727829E-04
   0.389581E+01   0.850931E+04   0.846697E+04  -0.140880E-04  -0.143495E-04   0.000000E+00   0.850261E+04   0.850261E+04   0.850261E+04  -0.201151E-03   0.443847E+04   0.443801E+04   0.396302E-04
   0.485256E+01   0.579290E+04   0.576409E+04  -0.618166E-05  -0.629642E-05   0.000000E+00   0.578834E+04   0.578834E+04   0.578834E+04  -0.136938E-03   0.302158E+04   0.302127E+04   0.214405E-04
   0.604426E+01   0.393339E+04   0.391384E+04  -0.270539E-05  -0.275562E-05   0.000000E+00   0.393030E+04   0.393030E+04   0.393030E+04  -0.929816E-04   0.205167E+04   0.205146E+04   0.115037E-04
   0.752863E+01   0.266441E+04   0.265117E+04  -0.118118E-05  -0.120311E-05   0.000000E+00   0.266231E+04   0.266231E+04   0.266231E+04  -0.629839E-04   0.138976E+04   0.138962E+04   0.610139E-05
   0.937754E+01   0.180084E+04   0.179191E+04  -0.514570E-06  -0.524123E-06   0.000000E+00   0.179943E+04   0.179943E+04   0.179943E+04  -0.425702E-04   0.939323E+03   0.939233E+03   0.318092E-05
   0.116805E+02   0.121469E+04   0.120867E+04  -0.223710E-06  -0.227863E-06   0.000000E+00   0.121374E+04   0.121374E+04   0.121374E+04  -0.287142E-04   0.633585E+03   0.633529E+03   0.161360E-05
   0.145490E+02   0.817775E+03   0.813736E+03  -0.970740E-07  -0.988763E-07   0.000000E+00   0.817136E+03   0.817136E+03   0.817136E+03  -0.193315E-04   0.426554E+03   0.426519E+03   0.780883E-06
   0.181220E+02   0.549587E+03   0.546883E+03  -0.420487E-07  -0.428294E-07   0.000000E+00   0.549159E+03   0.549159E+03   0.549159E+03  -0.129918E-04   0.286666E+03   0.286647E+03   0.344977E-06
   0.225725E+02   0.368741E+03   0.366938E+03  -0.181836E-07  -0.185212E-07   0.000000E+00   0.368456E+03   0.368456E+03   0.368456E+03  -0.871678E-05   0.192337E+03   0.192328E+03   0.122059E-06
   0.281159E+02   0.247018E+03   0.245822E+03  -0.785096E-08  -0.799675E-08   0.000000E+00   0.246829E+03   0.246829E+03   0.246829E+03  -0.583938E-05   0.128846E+03   0.128845E+03   0.124744E-07
   0.350208E+02   0.165230E+03   0.164443E+03  -0.338462E-08  -0.344747E-08   0.000000E+00   0.165106E+03   0.165106E+03   0.165106E+03  -0.390600E-05   0.861852E+02   0.861891E+02  -0.375632E-07
   0.436213E+02   0.110363E+03   0.109849E+03  -0.145698E-08  -0.148404E-08   0.000000E+00   0.110282E+03   0.110282E+03   0.110282E+03  -0.260900E-05   0.575663E+02   0.575738E+02  -0.569217E-07
   0.543339E+02   0.736096E+02   0.732801E+02  -0.626252E-09  -0.637888E-09   0.000000E+00   0.735575E+02   0.735575E+02   0.735575E+02  -0.174019E-05   0.383958E+02   0.384057E+02  -0.609777E-07
   0.676774E+02   0.490239E+02   0.488178E+02  -0.268763E-09  -0.273759E-09   0.000000E+00   0.489913E+02   0.489913E+02   0.489913E+02  -0.115902E-05   0.255718E+02   0.255836E+02  -0.578310E-07
   0.842979E+02   0.325985E+02   0.324754E+02  -0.115146E-09  -0.117288E-09   0.000000E+00   0.325791E+02   0.325791E+02   0.325791E+02  -0.770743E-06   0.170044E+02   0.170174E+02  -0.516754E-07
   0.105000E+03   0.216381E+02   0.215707E+02  -0.492342E-10  -0.501511E-10   0.000000E+00   0.216275E+02   0.216275E+02   0.216275E+02  -0.511654E-06   0.112874E+02   0.113015E+02  -0.446212E-07
