#           k/h    P           
   0.100000E-03   0.417359E+03
   0.102020E-03   0.425500E+03
   0.104081E-03   0.433800E+03
   0.106184E-03   0.442261E+03
   0.108329E-03   0.450888E+03
   0.110517E-03   0.459682E+03
   0.112750E-03   0.468647E+03
   0.115027E-03   0.477788E+03
   0.117351E-03   0.487106E+03
   0.119722E-03   0.496605E+03
   0.122140E-03   0.506290E+03
   0.124608E-03   0.516163E+03
   0.127125E-03   0.526228E+03
   0.129693E-03   0.536489E+03
   0.132313E-03   0.546950E+03
   0.134986E-03   0.557614E+03
   0.137713E-03   0.568486E+03
   0.140495E-03   0.579569E+03
   0.143333E-03   0.590868E+03
   0.146228E-03   0.602387E+03
   0.149182E-03   0.614129E+03
   0.152196E-03   0.626100E+03
   0.155271E-03   0.638304E+03
   0.158407E-03   0.650744E+03
   0.161607E-03   0.663427E+03
   0.164872E-03   0.676355E+03
   0.168203E-03   0.689535E+03
   0.171601E-03   0.702971E+03
   0.175067E-03   0.716668E+03
   0.178604E-03   0.730631E+03
   0.182212E-03   0.744865E+03
   0.185893E-03   0.759375E+03
   0.189648E-03   0.774166E+03
   0.193479E-03   0.789245E+03
   0.197388E-03   0.804615E+03
   0.201375E-03   0.820284E+03
   0.205443E-03   0.836256E+03
   0.209594E-03   0.852538E+03
   0.213828E-03   0.869135E+03
   0.218147E-03   0.886054E+03
   0.222554E-03   0.903300E+03
   0.227050E-03   0.920880E+03
   0.231637E-03   0.938799E+03
   0.236316E-03   0.957066E+03
   0.241090E-03   0.975685E+03
   0.245960E-03   0.994665E+03
   0.250929E-03   0.101401E+04
   0.255998E-03   0.103373E+04
   0.261170E-03   0.105383E+04
   0.266446E-03   0.107432E+04
   0.271828E-03   0.109520E+04
   0.277319E-03   0.111649E+04
   0.282922E-03   0.113818E+04
   0.288637E-03   0.116030E+04
   0.294468E-03   0.118284E+04
   0.300417E-03   0.120581E+04
   0.306485E-03   0.122922E+04
   0.312677E-03   0.125309E+04
   0.318993E-03   0.127741E+04
   0.325437E-03   0.130220E+04
   0.332012E-03   0.132746E+04
   0.338719E-03   0.135321E+04
   0.345561E-03   0.137945E+04
   0.352542E-03   0.140620E+04
   0.359664E-03   0.143345E+04
   0.366930E-03   0.146123E+04
   0.374342E-03   0.148954E+04
   0.381904E-03   0.151839E+04
   0.389619E-03   0.154778E+04
   0.397490E-03   0.157774E+04
   0.405520E-03   0.160827E+04
   0.413712E-03   0.163938E+04
   0.422070E-03   0.167108E+04
   0.430596E-03   0.170338E+04
   0.439295E-03   0.173629E+04
   0.448169E-03   0.176983E+04
   0.457222E-03   0.180400E+04
   0.466459E-03   0.183882E+04
   0.475882E-03   0.187429E+04
   0.485496E-03   0.191044E+04
   0.495303E-03   0.194726E+04
   0.505309E-03   0.198478E+04
   0.515517E-03   0.202301E+04
   0.525931E-03   0.206195E+04
   0.536556E-03   0.210162E+04
   0.547395E-03   0.214203E+04
   0.558453E-03   0.218320E+04
   0.569734E-03   0.222514E+04
   0.581244E-03   0.226785E+04
   0.592986E-03   0.231137E+04
   0.604965E-03   0.235569E+04
   0.617186E-03   0.240084E+04
   0.629654E-03   0.244682E+04
   0.642374E-03   0.249365E+04
   0.655350E-03   0.254134E+04
   0.668589E-03   0.258992E+04
   0.682096E-03   0.263939E+04
   0.695875E-03   0.268976E+04
   0.709933E-03   0.274106E+04
   0.724274E-03   0.279330E+04
   0.738906E-03   0.284649E+04
   0.753832E-03   0.290065E+04
   0.769061E-03   0.295580E+04
   0.784597E-03   0.301194E+04
   0.800447E-03   0.306910E+04
   0.816617E-03   0.312729E+04
   0.833114E-03   0.318654E+04
   0.849944E-03   0.324684E+04
   0.867114E-03   0.330823E+04
   0.884631E-03   0.337072E+04
   0.902501E-03   0.343432E+04
   0.920733E-03   0.349905E+04
   0.939333E-03   0.356493E+04
   0.958309E-03   0.363197E+04
   0.977668E-03   0.370020E+04
   0.997418E-03   0.376963E+04
   0.101757E-02   0.384027E+04
   0.103812E-02   0.391215E+04
   0.105910E-02   0.398528E+04
   0.108049E-02   0.405968E+04
   0.110232E-02   0.413537E+04
   0.112459E-02   0.421236E+04
   0.114730E-02   0.429068E+04
   0.117048E-02   0.437033E+04
   0.119413E-02   0.445134E+04
   0.121825E-02   0.453373E+04
   0.124286E-02   0.461751E+04
   0.126797E-02   0.470270E+04
   0.129358E-02   0.478932E+04
   0.131971E-02   0.487738E+04
   0.134637E-02   0.496690E+04
   0.137357E-02   0.505791E+04
   0.140132E-02   0.515041E+04
   0.142963E-02   0.524442E+04
   0.145851E-02   0.533996E+04
   0.148797E-02   0.543705E+04
   0.151803E-02   0.553571E+04
   0.154870E-02   0.563594E+04
   0.157998E-02   0.573777E+04
   0.161190E-02   0.584120E+04
   0.164446E-02   0.594627E+04
   0.167768E-02   0.605297E+04
   0.171158E-02   0.616133E+04
   0.174615E-02   0.627136E+04
   0.178143E-02   0.638307E+04
   0.181741E-02   0.649648E+04
   0.185413E-02   0.661160E+04
   0.189158E-02   0.672844E+04
   0.192980E-02   0.684702E+04
   0.196878E-02   0.696733E+04
   0.200855E-02   0.708941E+04
   0.204913E-02   0.721325E+04
   0.209052E-02   0.733886E+04
   0.213276E-02   0.746626E+04
   0.217584E-02   0.759545E+04
   0.221979E-02   0.772644E+04
   0.226464E-02   0.785924E+04
   0.231039E-02   0.799384E+04
   0.235706E-02   0.813027E+04
   0.240467E-02   0.826850E+04
   0.245325E-02   0.840857E+04
   0.250281E-02   0.855045E+04
   0.255337E-02   0.869416E+04
   0.260495E-02   0.883969E+04
   0.265758E-02   0.898705E+04
   0.271126E-02   0.913622E+04
   0.276603E-02   0.928721E+04
   0.282191E-02   0.944001E+04
   0.287892E-02   0.959461E+04
   0.293708E-02   0.975100E+04
   0.299641E-02   0.990917E+04
   0.305694E-02   0.100691E+05
   0.311870E-02   0.102308E+05
   0.318170E-02   0.103943E+05
   0.324597E-02   0.105595E+05
   0.331155E-02   0.107264E+05
   0.337844E-02   0.108949E+05
   0.344669E-02   0.110652E+05
   0.351632E-02   0.112371E+05
   0.358735E-02   0.114106E+05
   0.365982E-02   0.115857E+05
   0.373376E-02   0.117624E+05
   0.380918E-02   0.119406E+05
   0.388613E-02   0.121203E+05
   0.396464E-02   0.123014E+05
   0.404473E-02   0.124840E+05
   0.412644E-02   0.126679E+05
   0.420980E-02   0.128532E+05
   0.429484E-02   0.130398E+05
   0.438160E-02   0.132276E+05
   0.447012E-02   0.134166E+05
   0.456042E-02   0.136067E+05
   0.465255E-02   0.137978E+05
   0.474653E-02   0.139900E+05
   0.484242E-02   0.141832E+05
   0.494024E-02   0.143772E+05
   0.504004E-02   0.145721E+05
   0.514186E-02   0.147677E+05
   0.524573E-02   0.149639E+05
   0.535170E-02   0.151607E+05
   0.545981E-02   0.153581E+05
   0.557011E-02   0.155558E+05
   0.568263E-02   0.157539E+05
   0.579743E-02   0.159522E+05
   0.591455E-02   0.161507E+05
   0.603403E-02   0.163492E+05
   0.615592E-02   0.165476E+05
   0.628028E-02   0.167459E+05
   0.640715E-02   0.169439E+05
   0.653658E-02   0.171415E+05
   0.666863E-02   0.173385E+05
   0.680335E-02   0.175350E+05
   0.694078E-02   0.177306E+05
   0.708100E-02   0.179254E+05
   0.722404E-02   0.181192E+05
   0.736998E-02   0.183117E+05
   0.751886E-02   0.185030E+05
   0.767075E-02   0.186928E+05
   0.782571E-02   0.188810E+05
   0.798380E-02   0.190674E+05
   0.814509E-02   0.192519E+05
   0.830963E-02   0.194343E+05
   0.847750E-02   0.196145E+05
   0.864875E-02   0.197922E+05
   0.882347E-02   0.199673E+05
   0.900171E-02   0.201397E+05
   0.918356E-02   0.203091E+05
   0.936908E-02   0.204753E+05
   0.955835E-02   0.206382E+05
   0.975144E-02   0.207975E+05
   0.994843E-02   0.209530E+05
   0.101494E-01   0.211047E+05
   0.103544E-01   0.212521E+05
   0.105636E-01   0.213952E+05
   0.107770E-01   0.215337E+05
   0.109947E-01   0.216674E+05
   0.112168E-01   0.217961E+05
   0.114434E-01   0.219195E+05
   0.116746E-01   0.220375E+05
   0.119104E-01   0.221497E+05
   0.121510E-01   0.222560E+05
   0.123965E-01   0.223562E+05
   0.126469E-01   0.224499E+05
   0.129024E-01   0.225370E+05
   0.131631E-01   0.226172E+05
   0.134290E-01   0.226903E+05
   0.137003E-01   0.227560E+05
   0.139770E-01   0.228142E+05
   0.142594E-01   0.228645E+05
   0.145474E-01   0.229067E+05
   0.148413E-01   0.229407E+05
   0.151411E-01   0.229661E+05
   0.154470E-01   0.229829E+05
   0.157590E-01   0.229906E+05
   0.160774E-01   0.229892E+05
   0.164022E-01   0.229784E+05
   0.167335E-01   0.229580E+05
   0.170716E-01   0.229278E+05
   0.174164E-01   0.228878E+05
   0.177683E-01   0.228376E+05
   0.181272E-01   0.227771E+05
   0.184934E-01   0.227062E+05
   0.188670E-01   0.226249E+05
   0.192481E-01   0.225328E+05
   0.196370E-01   0.224301E+05
   0.200337E-01   0.223166E+05
   0.204384E-01   0.221923E+05
   0.208513E-01   0.220571E+05
   0.212725E-01   0.219110E+05
   0.217022E-01   0.217542E+05
   0.221406E-01   0.215866E+05
   0.225879E-01   0.214083E+05
   0.230442E-01   0.212195E+05
   0.235097E-01   0.210203E+05
   0.239847E-01   0.208110E+05
   0.244692E-01   0.205917E+05
   0.249635E-01   0.203627E+05
   0.254678E-01   0.201244E+05
   0.259823E-01   0.198770E+05
   0.265072E-01   0.196210E+05
   0.270426E-01   0.193568E+05
   0.275889E-01   0.190848E+05
   0.281463E-01   0.188055E+05
   0.287149E-01   0.185196E+05
   0.292949E-01   0.182277E+05
   0.298867E-01   0.179303E+05
   0.304905E-01   0.176280E+05
   0.311064E-01   0.173216E+05
   0.317348E-01   0.170117E+05
   0.323759E-01   0.166992E+05
   0.330299E-01   0.163848E+05
   0.336972E-01   0.160690E+05
   0.343779E-01   0.157529E+05
   0.350724E-01   0.154374E+05
   0.357809E-01   0.151234E+05
   0.365038E-01   0.148118E+05
   0.372412E-01   0.145033E+05
   0.379935E-01   0.141985E+05
   0.387610E-01   0.138980E+05
   0.395440E-01   0.136020E+05
   0.403429E-01   0.133111E+05
   0.411579E-01   0.130257E+05
   0.419893E-01   0.127469E+05
   0.428375E-01   0.124757E+05
   0.437029E-01   0.122132E+05
   0.445858E-01   0.119603E+05
   0.454865E-01   0.117178E+05
   0.464053E-01   0.114855E+05
   0.473428E-01   0.112632E+05
   0.482992E-01   0.110506E+05
   0.492749E-01   0.108475E+05
   0.502703E-01   0.106536E+05
   0.512858E-01   0.104685E+05
   0.523219E-01   0.102919E+05
   0.533789E-01   0.101234E+05
   0.544572E-01   0.996259E+04
   0.555573E-01   0.980850E+04
   0.566796E-01   0.965990E+04
   0.578246E-01   0.951565E+04
   0.589927E-01   0.937469E+04
   0.601845E-01   0.923604E+04
   0.614003E-01   0.909883E+04
   0.626407E-01   0.896221E+04
   0.639061E-01   0.882533E+04
   0.651971E-01   0.868717E+04
   0.665142E-01   0.854673E+04
   0.678578E-01   0.840310E+04
   0.692287E-01   0.825532E+04
   0.706272E-01   0.810250E+04
   0.720539E-01   0.794381E+04
   0.735095E-01   0.777870E+04
   0.749945E-01   0.760687E+04
   0.765095E-01   0.742811E+04
   0.780551E-01   0.724265E+04
   0.796319E-01   0.705113E+04
   0.812406E-01   0.685430E+04
   0.828817E-01   0.665334E+04
   0.845561E-01   0.644983E+04
   0.862642E-01   0.624530E+04
   0.880068E-01   0.604151E+04
   0.897847E-01   0.584017E+04
   0.915985E-01   0.564296E+04
   0.934489E-01   0.545153E+04
   0.953367E-01   0.526735E+04
   0.972626E-01   0.509165E+04
   0.992274E-01   0.492544E+04
   0.101232E+00   0.476955E+04
   0.103277E+00   0.462455E+04
   0.105363E+00   0.449089E+04
   0.107492E+00   0.436856E+04
   0.109663E+00   0.425683E+04
   0.111879E+00   0.415493E+04
   0.114139E+00   0.406160E+04
   0.116445E+00   0.397541E+04
   0.118797E+00   0.389475E+04
   0.121197E+00   0.381763E+04
   0.123645E+00   0.374218E+04
   0.126143E+00   0.366675E+04
   0.128691E+00   0.358990E+04
   0.131291E+00   0.351049E+04
   0.133943E+00   0.342765E+04
   0.136649E+00   0.334112E+04
   0.139409E+00   0.325119E+04
   0.142226E+00   0.315826E+04
   0.145099E+00   0.306279E+04
   0.148030E+00   0.296595E+04
   0.151020E+00   0.286942E+04
   0.154071E+00   0.277461E+04
   0.157184E+00   0.268272E+04
   0.160359E+00   0.259530E+04
   0.163598E+00   0.251365E+04
   0.166903E+00   0.243808E+04
   0.170275E+00   0.236842E+04
   0.173715E+00   0.230418E+04
   0.177224E+00   0.224482E+04
   0.180804E+00   0.218953E+04
   0.184457E+00   0.213687E+04
   0.188183E+00   0.208581E+04
   0.191985E+00   0.203563E+04
   0.195863E+00   0.198525E+04
   0.199820E+00   0.193414E+04
   0.203856E+00   0.188222E+04
   0.207974E+00   0.182959E+04
   0.212176E+00   0.177702E+04
   0.216462E+00   0.172522E+04
   0.220835E+00   0.167460E+04
   0.225296E+00   0.162578E+04
   0.229847E+00   0.157953E+04
   0.234490E+00   0.153605E+04
   0.239227E+00   0.149476E+04
   0.244060E+00   0.145539E+04
   0.248990E+00   0.141819E+04
   0.254020E+00   0.138216E+04
   0.259152E+00   0.134716E+04
   0.264387E+00   0.131249E+04
   0.269728E+00   0.127834E+04
   0.275177E+00   0.124482E+04
   0.280736E+00   0.121171E+04
   0.286407E+00   0.117936E+04
   0.292193E+00   0.114821E+04
   0.298096E+00   0.111825E+04
   0.304118E+00   0.108950E+04
   0.310261E+00   0.106174E+04
   0.316529E+00   0.103533E+04
   0.322923E+00   0.100964E+04
   0.329447E+00   0.984638E+03
   0.336102E+00   0.960358E+03
   0.342892E+00   0.936471E+03
   0.349819E+00   0.913280E+03
   0.356885E+00   0.890716E+03
   0.364095E+00   0.868925E+03
   0.371450E+00   0.847832E+03
   0.378954E+00   0.827590E+03
   0.386609E+00   0.808033E+03
   0.394419E+00   0.789073E+03
   0.402387E+00   0.770692E+03
   0.410516E+00   0.752524E+03
   0.418809E+00   0.735155E+03
   0.427269E+00   0.718151E+03
   0.435901E+00   0.701732E+03
   0.444706E+00   0.685770E+03
   0.453690E+00   0.670434E+03
   0.462855E+00   0.655559E+03
   0.472206E+00   0.641062E+03
   0.481745E+00   0.626954E+03
   0.491477E+00   0.613231E+03
   0.501405E+00   0.599925E+03
   0.511534E+00   0.586990E+03
   0.521868E+00   0.574502E+03
   0.532411E+00   0.562362E+03
   0.543166E+00   0.550584E+03
   0.554139E+00   0.539047E+03
   0.565333E+00   0.527856E+03
   0.576753E+00   0.516972E+03
   0.588404E+00   0.506409E+03
   0.600291E+00   0.496127E+03
   0.612418E+00   0.486121E+03
   0.624789E+00   0.476362E+03
   0.637411E+00   0.466854E+03
   0.650288E+00   0.457597E+03
   0.663424E+00   0.448577E+03
   0.676826E+00   0.439781E+03
   0.690499E+00   0.431197E+03
   0.704448E+00   0.422816E+03
   0.718679E+00   0.414632E+03
   0.733197E+00   0.406637E+03
   0.748009E+00   0.398825E+03
   0.763119E+00   0.391188E+03
   0.778536E+00   0.383717E+03
   0.794263E+00   0.376405E+03
   0.810308E+00   0.369245E+03
   0.826677E+00   0.362230E+03
   0.843378E+00   0.355354E+03
   0.860415E+00   0.348612E+03
   0.877797E+00   0.341997E+03
   0.895529E+00   0.335504E+03
   0.913620E+00   0.329127E+03
   0.932076E+00   0.322862E+03
   0.950906E+00   0.316704E+03
   0.970115E+00   0.310648E+03
   0.989713E+00   0.304690E+03
   0.100971E+01   0.298824E+03
   0.103010E+01   0.293047E+03
   0.105091E+01   0.287356E+03
   0.107214E+01   0.281747E+03
   0.109380E+01   0.276217E+03
   0.111590E+01   0.270763E+03
   0.113844E+01   0.265382E+03
   0.116144E+01   0.260071E+03
   0.118490E+01   0.254828E+03
   0.120884E+01   0.249651E+03
   0.123326E+01   0.244538E+03
   0.125817E+01   0.239486E+03
   0.128359E+01   0.234495E+03
   0.130952E+01   0.229564E+03
   0.133597E+01   0.224690E+03
   0.136296E+01   0.219873E+03
   0.139049E+01   0.215111E+03
   0.141858E+01   0.210404E+03
   0.144724E+01   0.205752E+03
   0.147648E+01   0.201154E+03
   0.150630E+01   0.196610E+03
   0.153673E+01   0.192120E+03
   0.156778E+01   0.187684E+03
   0.159945E+01   0.183301E+03
   0.163176E+01   0.178972E+03
   0.166472E+01   0.174697E+03
   0.169835E+01   0.170477E+03
   0.173266E+01   0.166312E+03
   0.176766E+01   0.162203E+03
   0.180337E+01   0.158150E+03
   0.183980E+01   0.154154E+03
   0.187697E+01   0.150216E+03
   0.191489E+01   0.146335E+03
   0.195357E+01   0.142514E+03
   0.199304E+01   0.138751E+03
   0.203330E+01   0.135048E+03
   0.207437E+01   0.131407E+03
   0.211628E+01   0.127826E+03
   0.215903E+01   0.124308E+03
   0.220265E+01   0.120853E+03
   0.224714E+01   0.117461E+03
   0.229254E+01   0.114133E+03
   0.233885E+01   0.110870E+03
   0.238610E+01   0.107671E+03
   0.243430E+01   0.104537E+03
   0.248348E+01   0.101468E+03
   0.253365E+01   0.984635E+02
   0.258483E+01   0.955240E+02
   0.263705E+01   0.926493E+02
   0.269032E+01   0.898395E+02
   0.274466E+01   0.870943E+02
   0.280011E+01   0.844135E+02
   0.285668E+01   0.817968E+02
   0.291439E+01   0.792438E+02
   0.297326E+01   0.767541E+02
   0.303332E+01   0.743271E+02
   0.309460E+01   0.719621E+02
   0.315712E+01   0.696587E+02
   0.322090E+01   0.674159E+02
   0.328596E+01   0.652329E+02
   0.335234E+01   0.631089E+02
   0.342006E+01   0.610428E+02
   0.348916E+01   0.590338E+02
   0.355964E+01   0.570808E+02
   0.363155E+01   0.551829E+02
   0.370491E+01   0.533391E+02
   0.377976E+01   0.515483E+02
   0.385611E+01   0.498096E+02
   0.393401E+01   0.481218E+02
   0.401348E+01   0.464839E+02
   0.409456E+01   0.448949E+02
   0.417727E+01   0.433536E+02
   0.426166E+01   0.418588E+02
   0.434775E+01   0.404096E+02
   0.443558E+01   0.390049E+02
   0.452519E+01   0.376435E+02
   0.461660E+01   0.363244E+02
   0.470987E+01   0.350466E+02
   0.480501E+01   0.338090E+02
   0.490208E+01   0.326107E+02
   0.500111E+01   0.314506E+02
   0.510214E+01   0.303277E+02
   0.520521E+01   0.292410E+02
   0.531036E+01   0.281895E+02
   0.541763E+01   0.271723E+02
   0.552708E+01   0.261885E+02
   0.563873E+01   0.252371E+02
   0.575264E+01   0.243173E+02
   0.586885E+01   0.234281E+02
   0.598741E+01   0.225686E+02
   0.610836E+01   0.217381E+02
   0.623176E+01   0.209356E+02
   0.635765E+01   0.201604E+02
   0.648609E+01   0.194115E+02
   0.661711E+01   0.186883E+02
   0.675079E+01   0.179899E+02
   0.688716E+01   0.173155E+02
   0.702629E+01   0.166645E+02
   0.716823E+01   0.160361E+02
   0.731304E+01   0.154295E+02
   0.746077E+01   0.148442E+02
   0.761149E+01   0.142794E+02
   0.776525E+01   0.137345E+02
   0.792212E+01   0.132089E+02
   0.808217E+01   0.127019E+02
   0.824543E+01   0.122130E+02
   0.841200E+01   0.117416E+02
   0.858193E+01   0.112871E+02
   0.875530E+01   0.108489E+02
   0.893217E+01   0.104266E+02
   0.911261E+01   0.100197E+02
   0.929670E+01   0.962751E+01
   0.948451E+01   0.924969E+01
   0.967610E+01   0.888573E+01
   0.987158E+01   0.853514E+01
   0.100710E+02   0.819750E+01
   0.102744E+02   0.787236E+01
   0.104820E+02   0.755930E+01
   0.106938E+02   0.725791E+01
   0.109098E+02   0.696778E+01
   0.111302E+02   0.668854E+01
   0.113550E+02   0.641980E+01
   0.115844E+02   0.616120E+01
   0.118184E+02   0.591240E+01
   0.120572E+02   0.567304E+01
   0.123007E+02   0.544280E+01
   0.125492E+02   0.522136E+01
   0.128027E+02   0.500840E+01
   0.130614E+02   0.480363E+01
   0.133252E+02   0.460676E+01
   0.135944E+02   0.441750E+01
   0.138691E+02   0.423558E+01
   0.141492E+02   0.406073E+01
   0.144351E+02   0.389271E+01
   0.147267E+02   0.373126E+01
   0.150242E+02   0.357614E+01
   0.153277E+02   0.342712E+01
   0.156373E+02   0.328399E+01
   0.159532E+02   0.314652E+01
   0.162755E+02   0.301450E+01
   0.166043E+02   0.288773E+01
   0.169397E+02   0.276602E+01
   0.172819E+02   0.264917E+01
   0.176310E+02   0.253702E+01
   0.179872E+02   0.242937E+01
   0.183505E+02   0.232606E+01
   0.187212E+02   0.222693E+01
   0.190994E+02   0.213181E+01
   0.194853E+02   0.204056E+01
   0.198789E+02   0.195303E+01
   0.202805E+02   0.186908E+01
   0.206902E+02   0.178856E+01
   0.211081E+02   0.171135E+01
   0.215346E+02   0.163732E+01
   0.219696E+02   0.156634E+01
   0.224134E+02   0.149830E+01
   0.228662E+02   0.143308E+01
   0.233281E+02   0.137057E+01
   0.237994E+02   0.131067E+01
   0.242802E+02   0.125327E+01
   0.247707E+02   0.119827E+01
   0.252710E+02   0.114558E+01
   0.257816E+02   0.109512E+01
   0.263024E+02   0.104678E+01
   0.268337E+02   0.100048E+01
   0.273758E+02   0.956148E+00
   0.279288E+02   0.913698E+00
   0.284930E+02   0.873056E+00
   0.290686E+02   0.834149E+00
   0.296558E+02   0.796906E+00
   0.302549E+02   0.761259E+00
   0.308661E+02   0.727144E+00
   0.314897E+02   0.694498E+00
   0.321258E+02   0.663260E+00
   0.327748E+02   0.633372E+00
   0.334369E+02   0.604780E+00
   0.341123E+02   0.577430E+00
   0.348014E+02   0.551269E+00
   0.355045E+02   0.526249E+00
   0.362217E+02   0.502322E+00
   0.369535E+02   0.479444E+00
   0.377000E+02   0.457570E+00
   0.384616E+02   0.436658E+00
   0.392386E+02   0.416669E+00
   0.400312E+02   0.397564E+00
   0.408399E+02   0.379304E+00
   0.416649E+02   0.361856E+00
   0.425066E+02   0.345184E+00
   0.433653E+02   0.329255E+00
   0.442413E+02   0.314037E+00
   0.451350E+02   0.299501E+00
   0.460469E+02   0.285616E+00
   0.469770E+02   0.272355E+00
   0.479261E+02   0.259690E+00
   0.488942E+02   0.247595E+00
   0.498820E+02   0.236045E+00
   0.508896E+02   0.225018E+00
   0.519177E+02   0.214489E+00
   0.529665E+02   0.204437E+00
   0.540365E+02   0.194841E+00
   0.551281E+02   0.185682E+00
   0.562417E+02   0.176939E+00
   0.573779E+02   0.168596E+00
   0.585370E+02   0.160634E+00
   0.597195E+02   0.153037E+00
   0.609260E+02   0.145789E+00
   0.621568E+02   0.138875E+00
   0.634124E+02   0.132280E+00
   0.646934E+02   0.125989E+00
   0.660003E+02   0.119989E+00
   0.673336E+02   0.114268E+00
   0.686938E+02   0.108813E+00
   0.700816E+02   0.103612E+00
   0.714973E+02   0.986524E-01
   0.729416E+02   0.939246E-01
   0.744151E+02   0.894174E-01
   0.759184E+02   0.851210E-01
   0.774521E+02   0.810256E-01
   0.790167E+02   0.771220E-01
   0.806129E+02   0.734016E-01
   0.822415E+02   0.698558E-01
   0.839028E+02   0.664767E-01
   0.855978E+02   0.632568E-01
   0.873269E+02   0.601888E-01
   0.890911E+02   0.572664E-01
   0.908908E+02   0.544829E-01
   0.927270E+02   0.518324E-01
   0.946001E+02   0.493089E-01
   0.965112E+02   0.469067E-01
   0.984608E+02   0.446203E-01
   0.100450E+03   0.424445E-01
   0.102479E+03   0.403743E-01
   0.104549E+03   0.384047E-01
