#           k/h    P           
   0.100000E-03   0.417274E+03
   0.102020E-03   0.425410E+03
   0.104081E-03   0.433705E+03
   0.106184E-03   0.442162E+03
   0.108329E-03   0.450783E+03
   0.110517E-03   0.459572E+03
   0.112750E-03   0.468533E+03
   0.115027E-03   0.477667E+03
   0.117351E-03   0.486980E+03
   0.119722E-03   0.496474E+03
   0.122140E-03   0.506153E+03
   0.124608E-03   0.516020E+03
   0.127125E-03   0.526079E+03
   0.129693E-03   0.536334E+03
   0.132313E-03   0.546789E+03
   0.134986E-03   0.557447E+03
   0.137713E-03   0.568312E+03
   0.140495E-03   0.579389E+03
   0.143333E-03   0.590681E+03
   0.146228E-03   0.602193E+03
   0.149182E-03   0.613929E+03
   0.152196E-03   0.625893E+03
   0.155271E-03   0.638089E+03
   0.158407E-03   0.650523E+03
   0.161607E-03   0.663198E+03
   0.164872E-03   0.676120E+03
   0.168203E-03   0.689293E+03
   0.171601E-03   0.702721E+03
   0.175067E-03   0.716411E+03
   0.178604E-03   0.730366E+03
   0.182212E-03   0.744592E+03
   0.185893E-03   0.759095E+03
   0.189648E-03   0.773879E+03
   0.193479E-03   0.788950E+03
   0.197388E-03   0.804313E+03
   0.201375E-03   0.819975E+03
   0.205443E-03   0.835940E+03
   0.209594E-03   0.852215E+03
   0.213828E-03   0.868805E+03
   0.218147E-03   0.885716E+03
   0.222554E-03   0.902956E+03
   0.227050E-03   0.920529E+03
   0.231637E-03   0.938443E+03
   0.236316E-03   0.956703E+03
   0.241090E-03   0.975317E+03
   0.245960E-03   0.994291E+03
   0.250929E-03   0.101363E+04
   0.255998E-03   0.103335E+04
   0.261170E-03   0.105344E+04
   0.266446E-03   0.107393E+04
   0.271828E-03   0.109481E+04
   0.277319E-03   0.111609E+04
   0.282922E-03   0.113778E+04
   0.288637E-03   0.115989E+04
   0.294468E-03   0.118243E+04
   0.300417E-03   0.120540E+04
   0.306485E-03   0.122882E+04
   0.312677E-03   0.125269E+04
   0.318993E-03   0.127701E+04
   0.325437E-03   0.130180E+04
   0.332012E-03   0.132707E+04
   0.338719E-03   0.135283E+04
   0.345561E-03   0.137908E+04
   0.352542E-03   0.140583E+04
   0.359664E-03   0.143310E+04
   0.366930E-03   0.146089E+04
   0.374342E-03   0.148921E+04
   0.381904E-03   0.151807E+04
   0.389619E-03   0.154749E+04
   0.397490E-03   0.157747E+04
   0.405520E-03   0.160802E+04
   0.413712E-03   0.163915E+04
   0.422070E-03   0.167088E+04
   0.430596E-03   0.170321E+04
   0.439295E-03   0.173616E+04
   0.448169E-03   0.176974E+04
   0.457222E-03   0.180395E+04
   0.466459E-03   0.183881E+04
   0.475882E-03   0.187433E+04
   0.485496E-03   0.191052E+04
   0.495303E-03   0.194740E+04
   0.505309E-03   0.198497E+04
   0.515517E-03   0.202325E+04
   0.525931E-03   0.206226E+04
   0.536556E-03   0.210200E+04
   0.547395E-03   0.214249E+04
   0.558453E-03   0.218375E+04
   0.569734E-03   0.222579E+04
   0.581244E-03   0.226862E+04
   0.592986E-03   0.231225E+04
   0.604965E-03   0.235669E+04
   0.617186E-03   0.240196E+04
   0.629654E-03   0.244806E+04
   0.642374E-03   0.249502E+04
   0.655350E-03   0.254285E+04
   0.668589E-03   0.259157E+04
   0.682096E-03   0.264120E+04
   0.695875E-03   0.269175E+04
   0.709933E-03   0.274324E+04
   0.724274E-03   0.279567E+04
   0.738906E-03   0.284908E+04
   0.753832E-03   0.290346E+04
   0.769061E-03   0.295884E+04
   0.784597E-03   0.301524E+04
   0.800447E-03   0.307267E+04
   0.816617E-03   0.313114E+04
   0.833114E-03   0.319068E+04
   0.849944E-03   0.325131E+04
   0.867114E-03   0.331303E+04
   0.884631E-03   0.337587E+04
   0.902501E-03   0.343984E+04
   0.920733E-03   0.350496E+04
   0.939333E-03   0.357125E+04
   0.958309E-03   0.363872E+04
   0.977668E-03   0.370739E+04
   0.997418E-03   0.377727E+04
   0.101757E-02   0.384840E+04
   0.103812E-02   0.392078E+04
   0.105910E-02   0.399444E+04
   0.108049E-02   0.406939E+04
   0.110232E-02   0.414566E+04
   0.112459E-02   0.422327E+04
   0.114730E-02   0.430224E+04
   0.117048E-02   0.438258E+04
   0.119413E-02   0.446431E+04
   0.121825E-02   0.454744E+04
   0.124286E-02   0.463200E+04
   0.126797E-02   0.471800E+04
   0.129358E-02   0.480546E+04
   0.131971E-02   0.489441E+04
   0.134637E-02   0.498485E+04
   0.137357E-02   0.507681E+04
   0.140132E-02   0.517032E+04
   0.142963E-02   0.526537E+04
   0.145851E-02   0.536200E+04
   0.148797E-02   0.546022E+04
   0.151803E-02   0.556005E+04
   0.154870E-02   0.566150E+04
   0.157998E-02   0.576459E+04
   0.161190E-02   0.586935E+04
   0.164446E-02   0.597578E+04
   0.167768E-02   0.608391E+04
   0.171158E-02   0.619376E+04
   0.174615E-02   0.630533E+04
   0.178143E-02   0.641865E+04
   0.181741E-02   0.653373E+04
   0.185413E-02   0.665058E+04
   0.189158E-02   0.676922E+04
   0.192980E-02   0.688966E+04
   0.196878E-02   0.701192E+04
   0.200855E-02   0.713600E+04
   0.204913E-02   0.726191E+04
   0.209052E-02   0.738967E+04
   0.213276E-02   0.751929E+04
   0.217584E-02   0.765079E+04
   0.221979E-02   0.778417E+04
   0.226464E-02   0.791944E+04
   0.231039E-02   0.805662E+04
   0.235706E-02   0.819570E+04
   0.240467E-02   0.833669E+04
   0.245325E-02   0.847960E+04
   0.250281E-02   0.862443E+04
   0.255337E-02   0.877119E+04
   0.260495E-02   0.891987E+04
   0.265758E-02   0.907048E+04
   0.271126E-02   0.922302E+04
   0.276603E-02   0.937749E+04
   0.282191E-02   0.953389E+04
   0.287892E-02   0.969222E+04
   0.293708E-02   0.985246E+04
   0.299641E-02   0.100146E+05
   0.305694E-02   0.101787E+05
   0.311870E-02   0.103447E+05
   0.318170E-02   0.105125E+05
   0.324597E-02   0.106822E+05
   0.331155E-02   0.108538E+05
   0.337844E-02   0.110273E+05
   0.344669E-02   0.112025E+05
   0.351632E-02   0.113796E+05
   0.358735E-02   0.115585E+05
   0.365982E-02   0.117391E+05
   0.373376E-02   0.119214E+05
   0.380918E-02   0.121055E+05
   0.388613E-02   0.122913E+05
   0.396464E-02   0.124787E+05
   0.404473E-02   0.126678E+05
   0.412644E-02   0.128584E+05
   0.420980E-02   0.130506E+05
   0.429484E-02   0.132443E+05
   0.438160E-02   0.134394E+05
   0.447012E-02   0.136360E+05
   0.456042E-02   0.138339E+05
   0.465255E-02   0.140331E+05
   0.474653E-02   0.142337E+05
   0.484242E-02   0.144354E+05
   0.494024E-02   0.146382E+05
   0.504004E-02   0.148422E+05
   0.514186E-02   0.150472E+05
   0.524573E-02   0.152531E+05
   0.535170E-02   0.154599E+05
   0.545981E-02   0.156674E+05
   0.557011E-02   0.158757E+05
   0.568263E-02   0.160846E+05
   0.579743E-02   0.162941E+05
   0.591455E-02   0.165040E+05
   0.603403E-02   0.167144E+05
   0.615592E-02   0.169250E+05
   0.628028E-02   0.171359E+05
   0.640715E-02   0.173467E+05
   0.653658E-02   0.175575E+05
   0.666863E-02   0.177681E+05
   0.680335E-02   0.179782E+05
   0.694078E-02   0.181880E+05
   0.708100E-02   0.183971E+05
   0.722404E-02   0.186055E+05
   0.736998E-02   0.188130E+05
   0.751886E-02   0.190195E+05
   0.767075E-02   0.192248E+05
   0.782571E-02   0.194289E+05
   0.798380E-02   0.196316E+05
   0.814509E-02   0.198327E+05
   0.830963E-02   0.200321E+05
   0.847750E-02   0.202296E+05
   0.864875E-02   0.204250E+05
   0.882347E-02   0.206181E+05
   0.900171E-02   0.208088E+05
   0.918356E-02   0.209968E+05
   0.936908E-02   0.211820E+05
   0.955835E-02   0.213641E+05
   0.975144E-02   0.215430E+05
   0.994843E-02   0.217184E+05
   0.101494E-01   0.218901E+05
   0.103544E-01   0.220579E+05
   0.105636E-01   0.222216E+05
   0.107770E-01   0.223809E+05
   0.109947E-01   0.225356E+05
   0.112168E-01   0.226855E+05
   0.114434E-01   0.228304E+05
   0.116746E-01   0.229699E+05
   0.119104E-01   0.231038E+05
   0.121510E-01   0.232320E+05
   0.123965E-01   0.233541E+05
   0.126469E-01   0.234698E+05
   0.129024E-01   0.235790E+05
   0.131631E-01   0.236814E+05
   0.134290E-01   0.237766E+05
   0.137003E-01   0.238645E+05
   0.139770E-01   0.239448E+05
   0.142594E-01   0.240171E+05
   0.145474E-01   0.240813E+05
   0.148413E-01   0.241370E+05
   0.151411E-01   0.241841E+05
   0.154470E-01   0.242223E+05
   0.157590E-01   0.242513E+05
   0.160774E-01   0.242708E+05
   0.164022E-01   0.242807E+05
   0.167335E-01   0.242807E+05
   0.170716E-01   0.242706E+05
   0.174164E-01   0.242502E+05
   0.177683E-01   0.242193E+05
   0.181272E-01   0.241776E+05
   0.184934E-01   0.241251E+05
   0.188670E-01   0.240615E+05
   0.192481E-01   0.239868E+05
   0.196370E-01   0.239008E+05
   0.200337E-01   0.238034E+05
   0.204384E-01   0.236945E+05
   0.208513E-01   0.235742E+05
   0.212725E-01   0.234423E+05
   0.217022E-01   0.232990E+05
   0.221406E-01   0.231441E+05
   0.225879E-01   0.229778E+05
   0.230442E-01   0.228003E+05
   0.235097E-01   0.226116E+05
   0.239847E-01   0.224119E+05
   0.244692E-01   0.222014E+05
   0.249635E-01   0.219804E+05
   0.254678E-01   0.217493E+05
   0.259823E-01   0.215082E+05
   0.265072E-01   0.212577E+05
   0.270426E-01   0.209981E+05
   0.275889E-01   0.207300E+05
   0.281463E-01   0.204538E+05
   0.287149E-01   0.201701E+05
   0.292949E-01   0.198794E+05
   0.298867E-01   0.195825E+05
   0.304905E-01   0.192800E+05
   0.311064E-01   0.189727E+05
   0.317348E-01   0.186613E+05
   0.323759E-01   0.183466E+05
   0.330299E-01   0.180293E+05
   0.336972E-01   0.177104E+05
   0.343779E-01   0.173906E+05
   0.350724E-01   0.170709E+05
   0.357809E-01   0.167520E+05
   0.365038E-01   0.164347E+05
   0.372412E-01   0.161201E+05
   0.379935E-01   0.158092E+05
   0.387610E-01   0.155028E+05
   0.395440E-01   0.152019E+05
   0.403429E-01   0.149069E+05
   0.411579E-01   0.146185E+05
   0.419893E-01   0.143370E+05
   0.428375E-01   0.140628E+05
   0.437029E-01   0.137962E+05
   0.445858E-01   0.135380E+05
   0.454865E-01   0.132889E+05
   0.464053E-01   0.130499E+05
   0.473428E-01   0.128218E+05
   0.482992E-01   0.126052E+05
   0.492749E-01   0.123997E+05
   0.502703E-01   0.122044E+05
   0.512858E-01   0.120183E+05
   0.523219E-01   0.118405E+05
   0.533789E-01   0.116703E+05
   0.544572E-01   0.115067E+05
   0.555573E-01   0.113491E+05
   0.566796E-01   0.111966E+05
   0.578246E-01   0.110486E+05
   0.589927E-01   0.109038E+05
   0.601845E-01   0.107614E+05
   0.614003E-01   0.106203E+05
   0.626407E-01   0.104793E+05
   0.639061E-01   0.103369E+05
   0.651971E-01   0.101917E+05
   0.665142E-01   0.100422E+05
   0.678578E-01   0.988669E+04
   0.692287E-01   0.972325E+04
   0.706272E-01   0.955041E+04
   0.720539E-01   0.936720E+04
   0.735095E-01   0.917296E+04
   0.749945E-01   0.896729E+04
   0.765095E-01   0.875062E+04
   0.780551E-01   0.852366E+04
   0.796319E-01   0.828744E+04
   0.812406E-01   0.804383E+04
   0.828817E-01   0.779477E+04
   0.845561E-01   0.754241E+04
   0.862642E-01   0.728914E+04
   0.880068E-01   0.703718E+04
   0.897847E-01   0.678889E+04
   0.915985E-01   0.654648E+04
   0.934489E-01   0.631215E+04
   0.953367E-01   0.608821E+04
   0.972626E-01   0.587665E+04
   0.992274E-01   0.567924E+04
   0.101232E+00   0.549759E+04
   0.103277E+00   0.533299E+04
   0.105363E+00   0.518574E+04
   0.107492E+00   0.505571E+04
   0.109663E+00   0.494219E+04
   0.111879E+00   0.484315E+04
   0.114139E+00   0.475643E+04
   0.116445E+00   0.467907E+04
   0.118797E+00   0.460774E+04
   0.121197E+00   0.453909E+04
   0.123645E+00   0.446967E+04
   0.126143E+00   0.439632E+04
   0.128691E+00   0.431638E+04
   0.131291E+00   0.422766E+04
   0.133943E+00   0.412906E+04
   0.136649E+00   0.402008E+04
   0.139409E+00   0.390151E+04
   0.142226E+00   0.377469E+04
   0.145099E+00   0.364188E+04
   0.148030E+00   0.350575E+04
   0.151020E+00   0.336969E+04
   0.154071E+00   0.323724E+04
   0.157184E+00   0.311220E+04
   0.160359E+00   0.299796E+04
   0.163598E+00   0.289724E+04
   0.166903E+00   0.281077E+04
   0.170275E+00   0.273801E+04
   0.173715E+00   0.267739E+04
   0.177224E+00   0.262640E+04
   0.180804E+00   0.258189E+04
   0.184457E+00   0.254065E+04
   0.188183E+00   0.249933E+04
   0.191985E+00   0.245452E+04
   0.195863E+00   0.240331E+04
   0.199820E+00   0.234435E+04
   0.203856E+00   0.227799E+04
   0.207974E+00   0.220617E+04
   0.212176E+00   0.213161E+04
   0.216462E+00   0.205750E+04
   0.220835E+00   0.198699E+04
   0.225296E+00   0.192277E+04
   0.229847E+00   0.186662E+04
   0.234490E+00   0.181900E+04
   0.239227E+00   0.177900E+04
   0.244060E+00   0.174470E+04
   0.248990E+00   0.171345E+04
   0.254020E+00   0.168223E+04
   0.259152E+00   0.164834E+04
   0.264387E+00   0.161033E+04
   0.269728E+00   0.156839E+04
   0.275177E+00   0.152401E+04
   0.280736E+00   0.147917E+04
   0.286407E+00   0.143589E+04
   0.292193E+00   0.139596E+04
   0.298096E+00   0.136079E+04
   0.304118E+00   0.133030E+04
   0.310261E+00   0.130285E+04
   0.316529E+00   0.127680E+04
   0.322923E+00   0.125061E+04
   0.329447E+00   0.122284E+04
   0.336102E+00   0.119353E+04
   0.342892E+00   0.116309E+04
   0.349819E+00   0.113311E+04
   0.356885E+00   0.110465E+04
   0.364095E+00   0.107866E+04
   0.371450E+00   0.105469E+04
   0.378954E+00   0.103257E+04
   0.386609E+00   0.101109E+04
   0.394419E+00   0.989230E+03
   0.402387E+00   0.967007E+03
   0.410516E+00   0.944567E+03
   0.418809E+00   0.922666E+03
   0.427269E+00   0.901747E+03
   0.435901E+00   0.882196E+03
   0.444706E+00   0.863691E+03
   0.453690E+00   0.845739E+03
   0.462855E+00   0.828018E+03
   0.472206E+00   0.810235E+03
   0.481745E+00   0.792732E+03
   0.491477E+00   0.775849E+03
   0.501405E+00   0.759655E+03
   0.511534E+00   0.744135E+03
   0.521868E+00   0.729102E+03
   0.532411E+00   0.714312E+03
   0.543166E+00   0.699772E+03
   0.554139E+00   0.685536E+03
   0.565333E+00   0.671804E+03
   0.576753E+00   0.658526E+03
   0.588404E+00   0.645617E+03
   0.600291E+00   0.633011E+03
   0.612418E+00   0.620654E+03
   0.624789E+00   0.608623E+03
   0.637411E+00   0.596899E+03
   0.650288E+00   0.585495E+03
   0.663424E+00   0.574387E+03
   0.676826E+00   0.563549E+03
   0.690499E+00   0.552960E+03
   0.704448E+00   0.542608E+03
   0.718679E+00   0.532488E+03
   0.733197E+00   0.522595E+03
   0.748009E+00   0.512925E+03
   0.763119E+00   0.503467E+03
   0.778536E+00   0.494211E+03
   0.794263E+00   0.485144E+03
   0.810308E+00   0.476258E+03
   0.826677E+00   0.467544E+03
   0.843378E+00   0.458995E+03
   0.860415E+00   0.450604E+03
   0.877797E+00   0.442365E+03
   0.895529E+00   0.434270E+03
   0.913620E+00   0.426311E+03
   0.932076E+00   0.418481E+03
   0.950906E+00   0.410772E+03
   0.970115E+00   0.403179E+03
   0.989713E+00   0.395698E+03
   0.100971E+01   0.388322E+03
   0.103010E+01   0.381047E+03
   0.105091E+01   0.373869E+03
   0.107214E+01   0.366780E+03
   0.109380E+01   0.359777E+03
   0.111590E+01   0.352854E+03
   0.113844E+01   0.346009E+03
   0.116144E+01   0.339239E+03
   0.118490E+01   0.332542E+03
   0.120884E+01   0.325915E+03
   0.123326E+01   0.319354E+03
   0.125817E+01   0.312858E+03
   0.128359E+01   0.306423E+03
   0.130952E+01   0.300047E+03
   0.133597E+01   0.293730E+03
   0.136296E+01   0.287471E+03
   0.139049E+01   0.281270E+03
   0.141858E+01   0.275126E+03
   0.144724E+01   0.269038E+03
   0.147648E+01   0.263006E+03
   0.150630E+01   0.257030E+03
   0.153673E+01   0.251110E+03
   0.156778E+01   0.245246E+03
   0.159945E+01   0.239441E+03
   0.163176E+01   0.233694E+03
   0.166472E+01   0.228008E+03
   0.169835E+01   0.222383E+03
   0.173266E+01   0.216819E+03
   0.176766E+01   0.211319E+03
   0.180337E+01   0.205884E+03
   0.183980E+01   0.200515E+03
   0.187697E+01   0.195216E+03
   0.191489E+01   0.189987E+03
   0.195357E+01   0.184830E+03
   0.199304E+01   0.179746E+03
   0.203330E+01   0.174736E+03
   0.207437E+01   0.169804E+03
   0.211628E+01   0.164950E+03
   0.215903E+01   0.160177E+03
   0.220265E+01   0.155487E+03
   0.224714E+01   0.150881E+03
   0.229254E+01   0.146360E+03
   0.233885E+01   0.141926E+03
   0.238610E+01   0.137579E+03
   0.243430E+01   0.133320E+03
   0.248348E+01   0.129150E+03
   0.253365E+01   0.125070E+03
   0.258483E+01   0.121080E+03
   0.263705E+01   0.117181E+03
   0.269032E+01   0.113374E+03
   0.274466E+01   0.109658E+03
   0.280011E+01   0.106034E+03
   0.285668E+01   0.102502E+03
   0.291439E+01   0.990617E+02
   0.297326E+01   0.957120E+02
   0.303332E+01   0.924527E+02
   0.309460E+01   0.892831E+02
   0.315712E+01   0.862022E+02
   0.322090E+01   0.832090E+02
   0.328596E+01   0.803023E+02
   0.335234E+01   0.774807E+02
   0.342006E+01   0.747429E+02
   0.348916E+01   0.720876E+02
   0.355964E+01   0.695133E+02
   0.363155E+01   0.670185E+02
   0.370491E+01   0.646017E+02
   0.377976E+01   0.622613E+02
   0.385611E+01   0.599957E+02
   0.393401E+01   0.578033E+02
   0.401348E+01   0.556822E+02
   0.409456E+01   0.536306E+02
   0.417727E+01   0.516467E+02
   0.426166E+01   0.497287E+02
   0.434775E+01   0.478749E+02
   0.443558E+01   0.460835E+02
   0.452519E+01   0.443528E+02
   0.461660E+01   0.426812E+02
   0.470987E+01   0.410670E+02
   0.480501E+01   0.395085E+02
   0.490208E+01   0.380041E+02
   0.500111E+01   0.365523E+02
   0.510214E+01   0.351514E+02
   0.520521E+01   0.337999E+02
   0.531036E+01   0.324962E+02
   0.541763E+01   0.312389E+02
   0.552708E+01   0.300266E+02
   0.563873E+01   0.288578E+02
   0.575264E+01   0.277311E+02
   0.586885E+01   0.266453E+02
   0.598741E+01   0.255989E+02
   0.610836E+01   0.245908E+02
   0.623176E+01   0.236196E+02
   0.635765E+01   0.226841E+02
   0.648609E+01   0.217830E+02
   0.661711E+01   0.209152E+02
   0.675079E+01   0.200797E+02
   0.688716E+01   0.192751E+02
   0.702629E+01   0.185006E+02
   0.716823E+01   0.177550E+02
   0.731304E+01   0.170374E+02
   0.746077E+01   0.163468E+02
   0.761149E+01   0.156823E+02
   0.776525E+01   0.150429E+02
   0.792212E+01   0.144278E+02
   0.808217E+01   0.138363E+02
   0.824543E+01   0.132673E+02
   0.841200E+01   0.127203E+02
   0.858193E+01   0.121944E+02
   0.875530E+01   0.116888E+02
   0.893217E+01   0.112029E+02
   0.911261E+01   0.107359E+02
   0.929670E+01   0.102872E+02
   0.948451E+01   0.985610E+01
   0.967610E+01   0.944198E+01
   0.987158E+01   0.904422E+01
   0.100710E+02   0.866221E+01
   0.102744E+02   0.829538E+01
   0.104820E+02   0.794317E+01
   0.106938E+02   0.760504E+01
   0.109098E+02   0.728046E+01
   0.111302E+02   0.696893E+01
   0.113550E+02   0.666997E+01
   0.115844E+02   0.638309E+01
   0.118184E+02   0.610785E+01
   0.120572E+02   0.584381E+01
   0.123007E+02   0.559054E+01
   0.125492E+02   0.534765E+01
   0.128027E+02   0.511473E+01
   0.130614E+02   0.489141E+01
   0.133252E+02   0.467731E+01
   0.135944E+02   0.447209E+01
   0.138691E+02   0.427540E+01
   0.141492E+02   0.408691E+01
   0.144351E+02   0.390630E+01
   0.147267E+02   0.373326E+01
   0.150242E+02   0.356750E+01
   0.153277E+02   0.340874E+01
   0.156373E+02   0.325668E+01
   0.159532E+02   0.311108E+01
   0.162755E+02   0.297166E+01
   0.166043E+02   0.283819E+01
   0.169397E+02   0.271043E+01
   0.172819E+02   0.258815E+01
   0.176310E+02   0.247112E+01
   0.179872E+02   0.235913E+01
   0.183505E+02   0.225199E+01
   0.187212E+02   0.214948E+01
   0.190994E+02   0.205143E+01
   0.194853E+02   0.195765E+01
   0.198789E+02   0.186797E+01
   0.202805E+02   0.178221E+01
   0.206902E+02   0.170022E+01
   0.211081E+02   0.162184E+01
   0.215346E+02   0.154691E+01
   0.219696E+02   0.147530E+01
   0.224134E+02   0.140687E+01
   0.228662E+02   0.134147E+01
   0.233281E+02   0.127900E+01
   0.237994E+02   0.121931E+01
   0.242802E+02   0.116230E+01
   0.247707E+02   0.110784E+01
   0.252710E+02   0.105584E+01
   0.257816E+02   0.100618E+01
   0.263024E+02   0.958766E+00
   0.268337E+02   0.913501E+00
   0.273758E+02   0.870293E+00
   0.279288E+02   0.829052E+00
   0.284930E+02   0.789692E+00
   0.290686E+02   0.752133E+00
   0.296558E+02   0.716295E+00
   0.302549E+02   0.682103E+00
   0.308661E+02   0.649486E+00
   0.314897E+02   0.618373E+00
   0.321258E+02   0.588699E+00
   0.327748E+02   0.560400E+00
   0.334369E+02   0.533414E+00
   0.341123E+02   0.507685E+00
   0.348014E+02   0.483155E+00
   0.355045E+02   0.459772E+00
   0.362217E+02   0.437483E+00
   0.369535E+02   0.416240E+00
   0.377000E+02   0.395995E+00
   0.384616E+02   0.376705E+00
   0.392386E+02   0.358325E+00
   0.400312E+02   0.340814E+00
   0.408399E+02   0.324133E+00
   0.416649E+02   0.308244E+00
   0.425066E+02   0.293111E+00
   0.433653E+02   0.278699E+00
   0.442413E+02   0.264976E+00
   0.451350E+02   0.251909E+00
   0.460469E+02   0.239468E+00
   0.469770E+02   0.227624E+00
   0.479261E+02   0.216350E+00
   0.488942E+02   0.205619E+00
   0.498820E+02   0.195405E+00
   0.508896E+02   0.185686E+00
   0.519177E+02   0.176436E+00
   0.529665E+02   0.167636E+00
   0.540365E+02   0.159262E+00
   0.551281E+02   0.151297E+00
   0.562417E+02   0.143719E+00
   0.573779E+02   0.136511E+00
   0.585370E+02   0.129656E+00
   0.597195E+02   0.123137E+00
   0.609260E+02   0.116938E+00
   0.621568E+02   0.111044E+00
   0.634124E+02   0.105440E+00
   0.646934E+02   0.100112E+00
   0.660003E+02   0.950478E-01
   0.673336E+02   0.902341E-01
   0.686938E+02   0.856590E-01
   0.700816E+02   0.813109E-01
   0.714973E+02   0.771786E-01
   0.729416E+02   0.732518E-01
   0.744151E+02   0.695202E-01
   0.759184E+02   0.659743E-01
   0.774521E+02   0.626052E-01
   0.790167E+02   0.594040E-01
   0.806129E+02   0.563626E-01
   0.822415E+02   0.534732E-01
   0.839028E+02   0.507283E-01
   0.855978E+02   0.481208E-01
   0.873269E+02   0.456442E-01
   0.890911E+02   0.432925E-01
   0.908908E+02   0.410597E-01
   0.927270E+02   0.389402E-01
   0.946001E+02   0.369286E-01
   0.965112E+02   0.350197E-01
   0.984608E+02   0.332086E-01
   0.100450E+03   0.314905E-01
   0.102479E+03   0.298608E-01
   0.104549E+03   0.283152E-01
